10 23 0.34 6.80 15.62 2.80 1.717E+02 3.714E+01 5.000E-02
10 24 0.20 8.08 16.95 2.68 9.812E+02 2.028E+02 1.200E+00
10 25 -0.02 3.99 18.73 7.93 5.804E+00 6.020E-01 8.000E-03
10 26 0.00 4.13 18.83 8.93 1.801E+00 1.970E-01 1.000E-03
10 27 -0.10 2.33 19.94 12.54 1.642E-01 3.150E-02 1.300E-03
10 28 0.00 3.97 21.50 12.13 5.803E-02 1.890E-02 4.000E-04
10 29 -0.07 0.14 22.43 17.07 3.156E-02 1.470E-02 4.000E-04
10 30 0.00 2.65 23.88 15.85 1.004E-02 7.300E-03 3.000E-04
10 31 -0.07 -0.66 27.62 19.79 4.918E-03 3.400E-03 8.000E-04
10 32 0.34 1.97 27.67 19.03 2.641E-03 3.500E-03 9.000E-04
11 25 0.36 9.24 11.14 1.75 2.593E+02 5.910E+01 6.000E-01
11 26 -0.14 5.13 12.28 8.44 2.798E+00 1.071E+00 2.000E-04
11 27 0.01 5.94 14.09 9.48 1.420E+00 3.010E-01 6.000E-03
11 28 0.08 3.56 15.31 13.48 2.440E-01 3.050E-02 4.000E-04
11 29 0.01 5.08 16.42 13.31 1.306E-01 4.410E-02 9.000E-04
11 30 0.05 1.44 17.73 18.00 5.599E-02 4.840E-02 1.700E-03
11 31 0.00 3.28 18.35 17.48 3.715E-02 1.700E-02 4.000E-04
11 32 -0.06 1.20 20.21 20.75 1.058E-02 1.290E-02 3.000E-04
11 33 0.41 3.92 22.17 18.61 4.309E-03 8.200E-03 4.000E-04
11 34 0.38 -0.22 22.72 22.75 1.079E-03 5.500E-03 1.000E-03
11 35 0.43 1.49 23.71 21.83 9.658E-04 1.500E-03 5.000E-04
12 27 -0.16 6.99 14.64 1.87 2.256E+03 5.675E+02 7.200E-01
12 29 -0.14 4.91 17.60 6.97 3.796E+00 1.300E+00 1.200E-01
12 30 0.00 6.14 18.66 6.88 3.361E+00 3.130E-01 4.000E-03
12 31 -0.08 2.76 19.97 11.17 4.185E-01 2.320E-01 1.000E-03
12 32 0.00 4.47 21.17 10.38 3.156E-01 8.600E-02 5.000E-03
12 33 0.11 1.78 21.74 13.64 1.527E-01 9.050E-02 1.600E-03
12 34 0.41 3.92 21.75 13.39 4.448E-02 2.000E-02 1.000E-03
12 35 0.35 0.57 22.54 18.32 1.089E-02 7.000E-02 4.000E-03
12 36 0.41 2.35 23.40 18.04 7.166E-03 3.900E-03 1.300E-03
13 28 0.21 8.16 9.24 2.37 3.897E+02 1.345E+02 7.200E-02
13 29 0.21 9.42 11.10 2.07 2.657E+02 3.936E+02 3.600E+00
13 30 0.19 6.04 12.23 6.36 7.012E+00 3.620E+00 6.000E-02
13 31 0.15 7.05 13.15 7.03 2.780E+00 6.440E-01 2.000E-03
13 32 0.11 3.68 14.07 11.88 3.835E-01 3.300E-02 2.000E-04
13 33 0.04 5.04 14.63 11.69 1.932E-01 4.170E-02 2.000E-04
13 34 0.14 3.67 16.53 14.53 4.737E-02 5.630E-02 5.000E-04
13 35 0.24 5.51 18.11 13.08 1.916E-02 3.720E-02 8.000E-04
13 36 0.31 2.06 19.60 17.48 1.207E-02 9.000E-02 4.000E-03
13 37 0.34 3.85 21.10 16.63 8.733E-03 1.070E-02 1.300E-03
13 38 0.33 1.72 21.65 20.50 3.888E-03 7.600E-03 6.000E-04
13 39 0.33 2.80 22.07 20.00 8.605E-03 7.600E-03 1.600E-03
14 33 -0.08 4.85 15.95 6.12 2.057E+01 6.180E+00 1.800E-01
14 34 0.00 6.51 17.42 5.84 2.092E+01 2.770E+00 2.000E-01
14 35 -0.08 4.06 17.81 9.39 6.865E-01 7.800E-01 1.000E-03
14 36 0.03 6.46 18.76 7.76 2.566E+00 4.500E-01 6.000E-03
14 37 0.27 3.00 19.70 12.31 1.506E-01 9.000E-02 6.000E-03
14 40 0.30 3.39 22.61 15.00 7.542E-02 3.300E-02 1.000E-03
14 41 -0.29 0.87 23.75 18.51 1.339E-02 2.000E-02 2.500E-03
14 42 -0.32 2.89 25.88 17.07 3.477E-03 1.250E-02 3.500E-03
15 34 -0.07 6.23 11.57 4.84 1.307E+03 1.243E+01 1.000E-01
15 35 0.00 7.61 12.67 4.74 1.493E+02 4.730E+01 8.000E-01
15 36 -0.07 4.83 13.44 8.90 9.293E+00 5.600E+00 3.000E-01
15 37 0.13 7.55 14.53 7.25 5.858E+00 2.310E+00 1.300E-01
15 38 0.22 4.26 15.78 11.57 2.513E-01 6.400E-01 1.000E-03
15 39 0.23 6.45 16.64 9.98 5.899E-01 2.820E-01 2.000E-03
15 40 0.28 3.26 17.61 14.13 1.131E-01 1.500E-01 8.000E-03
15 41 0.27 4.38 18.60 14.32 1.005E-01 1.000E-01 5.000E-03
15 42 0.29 1.45 19.17 18.05 2.037E-02 4.850E-02 1.500E-03
15 43 -0.27 3.51 19.79 17.62 3.486E-02 3.580E-02 1.300E-03
15 44 0.15 1.19 20.85 20.89 3.019E-02 1.850E-02 2.500E-03
16 37 -0.07 5.90 14.01 3.29 1.484E+02 3.030E+02 1.200E+00
16 39 0.21 4.86 15.64 6.46 7.163E+00 1.150E+01 5.000E-01
16 40 0.24 7.41 16.61 4.97 2.571E+01 8.800E+00 2.200E+00
16 41 0.28 4.57 17.92 8.86 1.916E+00 1.990E+00 5.000E-02
16 42 0.29 5.18 18.71 9.05 2.707E+00 1.013E+00 1.500E-02
16 43 0.31 3.08 20.35 12.34 1.959E-01 2.650E-01 1.000E-03
16 44 -0.24 4.46 21.30 12.08 6.153E-02 1.000E-01 1.000E-03
16 45 -0.20 2.40 22.51 15.06 1.008E-01 6.800E-02 2.000E-03
16 46 -0.17 2.52 22.71 15.59 6.382E-02 5.000E-02 8.000E-03
17 40 0.19 5.92 11.60 7.23 1.372E+01 8.100E+01 1.200E+00
17 41 0.20 8.46 12.64 5.59 1.404E+01 3.840E+01 8.000E-01
17 42 0.24 5.37 13.44 9.60 2.401E+00 6.800E+00 3.000E-01
17 43 0.21 6.37 14.64 8.76 3.095E+00 3.130E+00 9.000E-02
17 44 0.17 4.20 15.76 12.78 4.218E-01 5.600E-01 1.000E-03
17 45 -0.21 5.38 16.68 12.42 1.492E-01 4.130E-01 2.000E-03
17 46 -0.18 3.05 17.33 15.99 7.417E-02 2.320E-01 2.000E-03
17 47 -0.17 3.55 18.35 16.18 5.698E-02 1.010E-01 5.000E-03
18 43 0.06 5.54 14.36 5.12 4.696E+01 3.222E+02 3.600E+00
18 44 0.07 8.21 16.20 3.48 2.531E+02 7.122E+02 3.000E+00
18 45 0.12 5.03 17.02 7.46 7.880E+00 2.148E+01 1.500E-01
18 46 0.00 6.62 18.26 6.56 9.249E+00 8.400E+00 6.000E-01
18 47 -0.14 3.74 18.95 10.57 5.906E-01 1.230E+00 3.000E-02
18 49 -0.15 1.96 20.17 14.30 2.038E-01 1.700E-01 5.000E-03
18 50 0.00 3.30 21.21 13.80 1.275E-01 8.500E-02 3.000E-03
19 46 -0.10 5.72 12.39 7.89 4.579E+01 1.050E+02 1.000E+00
19 47 -0.08 7.75 13.52 6.46 4.600E+00 1.750E+01 2.400E-01
19 48 -0.10 4.61 14.40 10.87 7.073E-01 6.800E+00 2.000E-01
19 49 -0.09 5.29 15.48 10.70 3.397E-01 1.260E+00 5.000E-02
19 50 0.06 2.79 16.31 14.38 2.207E-01 4.720E-01 4.000E-03
19 51 -0.06 3.49 16.50 14.12 1.506E-01 3.650E-01 5.000E-03
19 52 -0.06 2.14 16.90 17.43 7.324E-02 1.100E-01 4.000E-03
19 53 -0.08 3.69 17.93 16.42 2.346E-02 3.000E-02 5.000E-03
19 54 -0.09 1.03 18.79 20.00 7.016E-03 1.000E-02 5.000E-03
20 49 0.03 5.12 15.20 6.29 1.778E+01 5.231E+02 3.600E-01
20 50 0.00 6.47 16.39 5.97 1.134E+01 1.390E+01 6.000E-01
20 51 -0.02 3.23 16.83 9.75 3.868E+00 1.000E+01 8.000E-01
20 52 0.00 5.45 18.79 8.41 3.493E+00 4.600E+00 3.000E-01
20 53 0.00 2.67 19.32 11.33 6.069E-01 4.610E-01 9.000E-03
20 54 0.00 4.62 20.25 9.97 4.360E-01 9.000E-02 6.000E-03
20 55 0.00 1.86 21.08 13.56 8.423E-02 2.200E-02 2.000E-03
20 56 0.00 4.23 21.98 11.78 3.832E-02 1.100E-02 2.000E-03
21 50 -0.07 6.16 11.66 7.28 2.465E+02 1.025E+02 5.000E-01
21 51 -0.07 7.01 12.20 7.02 2.269E+01 1.240E+01 1.000E-01
21 52 -0.07 4.10 13.07 10.77 1.103E+01 8.200E+00 2.000E-01
21 53 -0.06 5.60 13.22 10.45 4.974E+00 2.400E+00 6.000E-01
21 54 -0.06 3.26 13.81 13.77 1.050E+00 5.260E-01 1.000E-03
21 55 -0.07 5.45 14.64 12.19 4.752E-01 9.600E-02 2.000E-03
21 57 -0.06 4.82 15.82 14.26 1.242E-01 2.200E-02 2.000E-03
21 58 -0.05 1.55 16.18 18.28 5.950E-02 1.200E-02 5.000E-03
22 51 0.07 6.74 13.24 2.33 1.191E+03 3.456E+02 6.000E-01
22 52 0.00 7.85 14.09 2.15 2.259E+03 1.020E+02 6.000E+00
22 53 -0.04 5.28 15.26 5.34 2.646E+01 3.270E+01 9.000E-01
22 54 0.00 6.58 16.25 4.90 2.651E+01 1.500E+00 4.000E-01
22 55 -0.00 3.87 16.86 8.42 2.403E+00 1.300E+00 1.000E-01
22 56 0.00 6.29 17.70 6.88 1.727E+00 2.000E-01 5.000E-03
22 57 0.01 3.05 18.30 10.54 1.887E-01 9.500E-02 8.000E-03
22 58 0.00 5.57 19.04 8.66 9.319E-02 5.500E-02 6.000E-03
22 59 -0.03 2.17 19.67 12.89 2.808E-02 2.850E-02 1.900E-03
22 60 0.00 4.95 20.14 11.01 1.796E-02 2.220E-02 1.600E-03
22 61 -0.04 1.49 20.70 15.07 9.523E-03 1.500E-02 4.000E-03
23 52 0.09 7.67 9.22 3.45 1.214E+03 2.246E+02 3.000E-01
23 53 0.18 8.47 9.83 3.35 2.043E+02 9.258E+01 8.400E-01
23 54 0.13 6.14 10.70 6.53 1.129E+01 4.980E+01 5.000E-01
23 55 0.08 7.39 11.51 6.01 8.683E+00 6.540E+00 1.500E-01
23 56 0.13 4.75 12.39 9.46 2.050E+00 2.160E-01 4.000E-03
23 57 0.14 6.71 12.81 8.15 1.009E+00 3.500E-01 1.000E-03
23 58 0.14 3.69 13.45 11.87 3.054E-01 1.910E-01 1.000E-03
23 59 -0.04 6.39 14.27 10.12 1.831E-01 9.500E-02 6.000E-03
23 61 -0.02 5.55 15.78 12.08 3.867E-02 4.700E-02 1.200E-03
23 62 -0.05 2.25 16.54 16.16 1.593E-02 3.360E-02 2.300E-03
23 63 0.01 5.18 17.13 14.08 7.247E-03 1.830E-02 1.900E-03
23 64 -0.04 0.72 17.73 19.18 8.373E-03 1.900E-02 8.000E-03
24 55 0.23 6.88 12.62 2.49 8.803E+02 2.098E+02 1.800E-01
24 56 0.19 8.21 13.43 2.08 3.534E+03 3.564E+02 6.000E+00
24 57 0.20 5.40 14.08 5.42 2.122E+01 2.110E+01 1.000E+00
24 58 0.17 7.41 14.78 4.25 2.848E+01 7.000E+00 3.000E-01
24 59 -0.12 4.64 15.73 7.45 1.744E+00 1.050E+00 9.000E-03
24 60 0.10 6.81 16.14 5.90 1.759E+00 4.900E-01 1.000E-03
24 61 -0.03 3.78 16.85 9.44 4.443E-01 2.430E-01 9.000E-03
24 62 0.00 6.33 17.63 7.16 1.385E-01 2.060E-01 1.000E-03
24 63 -0.05 3.10 18.48 10.99 1.091E-01 1.290E-01 2.000E-03
24 64 0.00 5.83 19.12 8.91 7.167E-02 4.300E-02 1.000E-03
24 65 -0.04 1.19 19.60 14.11 4.552E-02 2.750E-02 2.100E-03
24 66 0.00 4.78 20.12 11.33 4.096E-02 2.380E-02 1.800E-03
25 57 0.23 8.74 10.04 1.72 6.379E+02 8.540E+01 1.800E+00
25 58 0.23 6.25 10.88 5.07 1.870E+01 3.000E+00 1.000E-01
25 59 0.22 7.84 11.31 4.19 1.840E+01 4.590E+00 5.000E-02
25 60 0.21 5.26 11.92 7.52 3.827E+00 2.800E-01 2.000E-03
25 61 0.21 7.32 12.44 6.34 2.553E+00 6.700E-01 4.000E-03
25 63 0.03 6.93 13.31 8.38 7.586E-01 2.750E-01 4.000E-03
25 64 -0.06 3.75 13.95 12.22 2.355E-01 8.880E-02 2.400E-03
25 65 0.02 6.39 14.52 10.21 2.250E-01 9.200E-02 1.000E-03
25 66 -0.05 2.00 15.33 15.24 1.439E-01 6.420E-02 8.000E-04
25 67 -0.02 5.39 15.94 12.59 1.445E-01 4.670E-02 2.300E-03
25 68 0.06 3.13 17.04 15.62 2.928E-02 2.840E-02 2.700E-03
25 69 0.21 5.65 17.79 13.22 4.043E-03 1.600E-02 2.800E-03
26 61 -0.15 6.13 12.87 3.94 4.798E+01 3.588E+02 3.600E+00
26 62 0.13 8.03 13.58 2.52 3.665E+02 6.800E+01 2.000E+00
26 63 -0.04 4.99 14.52 6.28 6.115E+00 6.100E+00 6.000E-01
26 64 0.00 7.60 15.19 4.12 9.846E+00 2.000E+00 2.000E-01
26 65 -0.05 4.39 15.83 7.74 1.075E+00 8.100E-01 5.000E-03
26 66 0.00 7.02 16.46 5.63 1.641E+00 3.510E-01 6.000E-03
26 67 -0.04 2.74 17.19 10.37 3.831E-01 3.940E-01 9.000E-03
26 68 0.00 6.16 17.97 7.86 4.724E-01 1.880E-01 4.000E-03
26 69 0.05 3.25 18.09 11.38 2.430E-01 1.100E-01 5.000E-03
26 70 0.12 6.00 18.44 9.43 5.574E-02 7.700E-02 9.000E-03
26 71 0.18 2.89 18.72 13.23 2.310E-02 2.800E-02 5.000E-03
27 62 0.16 6.60 9.76 3.83 3.843E+01 9.240E+01 6.000E+00
27 63 0.12 8.75 10.48 2.49 9.603E+01 2.690E+01 4.000E-01
27 64 0.10 5.44 10.93 6.47 2.377E+01 3.000E-01 3.000E-03
27 65 0.08 8.00 11.34 4.75 7.478E+00 1.160E+00 3.000E-02
27 66 -0.07 4.92 11.87 8.65 2.612E+00 1.940E-01 1.000E-03
27 67 0.05 7.48 12.33 6.74 8.838E-01 3.290E-01 2.000E-03
27 69 -0.04 6.77 13.85 8.75 2.844E-01 2.270E-01 1.000E-03
27 71 0.10 6.69 15.34 10.05 1.258E-01 8.000E-02 3.000E-03
27 72 0.10 3.38 15.83 13.89 6.458E-02 5.990E-02 1.700E-03
27 73 0.12 5.95 16.64 11.83 5.987E-02 4.100E-02 3.000E-03
27 74 0.08 2.87 16.71 15.54 2.046E-02 3.000E-02 3.000E-03
28 67 -0.04 5.58 13.45 4.08 7.024E+01 2.100E+01 1.000E+00
28 68 0.00 8.28 14.24 2.13 1.234E+02 2.900E+01 2.000E+00
28 69 -0.04 4.15 14.74 6.54 5.005E+00 1.150E+01 3.000E-01
28 70 0.00 7.59 15.56 3.99 1.282E+01 6.000E+00 3.000E-01
28 71 -0.02 4.44 15.95 7.45 1.287E+00 2.560E+00 3.000E-02
28 72 0.00 7.22 16.49 5.48 1.890E+00 1.570E+00 5.000E-02
28 73 -0.00 3.89 17.00 9.45 3.929E-01 8.400E-01 3.000E-03
28 74 0.00 6.58 17.63 7.18 3.415E-01 6.800E-01 1.000E-03
28 75 0.03 3.43 18.19 11.07 1.738E-01 3.410E-01 2.000E-03
28 76 0.00 5.89 18.83 9.09 1.085E-01 2.360E-01 1.000E-03
28 77 0.05 2.95 19.86 12.63 1.665E-01 1.240E-01 3.000E-03
28 78 0.00 5.22 20.70 11.11 5.568E-02 1.400E-01 8.000E-03
29 66 -0.13 6.91 8.39 2.37 9.777E+06 3.072E+02 8.400E-01
29 68 -0.07 6.33 9.63 4.51 3.502E+03 3.090E+01 6.000E-01
29 69 -0.03 8.56 9.91 2.96 8.823E+02 1.710E+02 9.000E+00
29 70 0.06 5.04 10.80 7.31 1.190E+02 4.450E+01 2.000E-01
29 71 0.06 7.90 11.11 5.00 2.439E+01 1.940E+01 1.400E+00
29 72 0.08 5.26 11.92 8.39 4.848E+00 6.630E+00 3.000E-02
29 73 0.12 7.85 12.55 6.24 2.202E+00 4.200E+00 3.000E-01
29 74 0.15 4.31 12.98 10.33 4.810E-01 1.630E+00 5.000E-02
29 75 0.13 7.33 13.72 8.37 7.979E-01 1.224E+00 2.800E-03
29 77 0.10 6.49 14.80 10.44 3.234E-01 4.679E-01 2.100E-03
29 78 0.10 3.70 15.55 13.18 4.031E-01 3.350E-01 1.000E-03
29 79 0.05 4.91 15.23 12.48 1.790E-01 2.200E-01 1.000E-03
30 71 -0.05 5.60 12.12 2.81 3.342E+02 1.470E+02 6.000E+00
30 73 0.06 5.70 13.31 3.99 5.444E+01 2.350E+01 1.000E+00
30 74 0.14 8.41 13.86 2.77 3.068E+02 9.560E+01 1.200E+00
30 75 0.18 5.36 14.91 6.25 3.833E+00 1.020E+01 2.000E-01
30 76 0.17 7.38 14.96 4.95 1.987E+01 5.700E+00 3.000E-01
30 77 0.17 5.09 16.15 7.46 1.376E+00 2.080E+00 5.000E-02
30 78 0.10 6.44 16.09 6.40 2.076E+00 1.470E+00 1.500E-01
30 79 0.09 4.21 16.60 8.77 6.415E-01 9.950E-01 1.000E-03
30 80 0.00 5.63 17.33 7.88 5.405E-01 5.500E-01 1.000E-03
30 81 0.09 2.61 17.33 11.05 1.566E-01 3.040E-01 1.000E-03
30 82 0.14 3.65 17.74 10.80 1.307E-01 2.280E-01 1.000E-03
30 83 0.15 1.98 18.14 13.42 6.289E-02 1.270E-01 2.000E-03
31 74 0.07 7.19 10.39 4.74 9.181E+01 4.872E+02 7.200E+00
31 75 0.18 8.84 10.83 2.68 7.426E+01 1.260E+02 2.000E+00
31 76 0.19 6.08 11.55 6.16 5.396E+00 3.260E+01 6.000E-01
31 77 0.18 7.60 11.77 5.16 7.674E+00 1.320E+01 2.000E-01
31 78 0.18 5.37 12.06 8.19 1.620E+00 5.090E+00 5.000E-02
31 79 0.14 6.58 12.20 7.82 1.962E+00 2.847E+00 3.000E-03
31 80 0.09 4.74 12.73 10.12 1.054E+00 2.030E+00 9.000E-02
31 81 0.03 5.77 12.87 9.54 6.282E-01 1.217E+00 5.000E-03
31 82 0.09 3.41 13.67 12.60 2.266E-01 5.990E-01 2.000E-03
31 83 0.17 4.59 14.61 11.92 1.098E-01 3.081E-01 1.000E-03
31 84 0.17 2.61 15.25 14.35 6.728E-02 8.500E-02 1.000E-03
31 85 0.20 3.12 15.49 14.29 4.767E-02 9.300E-02 7.000E-03
32 79 0.17 6.21 13.62 3.94 3.113E+01 1.898E+01 3.000E-02
32 80 0.14 7.04 14.08 3.71 1.815E+02 2.950E+01 4.000E-01
32 81 0.10 5.19 14.53 6.14 4.949E+00 8.000E+00 2.000E+00
32 82 0.00 6.47 15.23 5.31 8.335E+00 4.560E+00 2.600E-01
32 83 0.10 3.91 15.73 8.07 6.488E-01 1.850E+00 6.000E-02
32 84 0.15 5.04 16.18 7.60 7.060E-01 9.540E-01 1.000E-03
32 85 0.16 3.06 16.63 10.28 2.306E-01 5.400E-01 5.000E-03
32 86 0.19 3.73 17.23 10.05 1.428E-01 2.190E-01 4.000E-03
33 79 0.17 8.98 9.37 2.45 6.270E+02 5.406E+02 9.000E+00
33 80 0.18 6.80 9.97 5.18 3.351E+01 1.520E+01 2.000E-01
33 81 0.15 7.63 10.55 4.90 5.187E+01 3.330E+01 8.000E-01
33 83 0.00 6.67 11.20 7.03 7.033E+00 1.340E+01 3.000E-01
33 85 0.15 5.74 12.56 9.21 4.480E-01 2.021E+00 1.000E-02
33 86 0.17 3.50 12.99 11.87 1.884E-01 9.450E-01 8.000E-03
33 87 0.20 4.29 13.56 11.34 1.247E-01 6.100E-01 1.000E-03
33 88 0.21 2.70 14.15 13.59 3.419E-02 2.700E-01 1.000E-03
34 84 0.00 7.47 13.71 2.50 8.618E+02 1.956E+02 6.000E+00
34 85 0.08 5.02 14.16 5.46 4.735E+00 3.170E+01 9.000E-01
34 86 0.12 6.16 14.58 4.80 4.479E+00 1.430E+01 3.000E-01
34 87 0.15 3.77 14.85 7.65 1.120E+00 5.500E+00 1.200E-01
34 88 0.18 4.95 15.51 7.08 6.587E-01 1.530E+00 6.000E-02
34 89 0.20 2.88 15.68 9.74 7.741E-02 4.100E-01 4.000E-03
34 90 0.22 4.86 16.07 7.37 6.597E-02 2.100E-01 8.000E-03
34 91 0.23 2.72 16.48 10.25 2.442E-02 2.700E-01 5.000E-03
35 85 0.01 7.98 9.69 4.24 1.981E+02 1.740E+02 3.600E+00
35 86 0.08 5.50 10.18 7.45 1.335E+01 5.510E+01 4.000E-01
35 87 0.11 6.61 10.63 6.68 2.563E+00 5.565E+01 1.300E-01
35 88 0.14 4.38 11.25 9.23 1.049E+00 1.629E+01 6.000E-02
35 89 0.16 5.53 11.83 8.53 7.660E-01 4.400E+00 3.000E-02
35 90 0.18 2.50 11.45 12.15 1.107E-01 1.910E+00 1.000E-02
35 91 0.20 5.60 12.19 11.17 1.148E-01 5.410E-01 5.000E-03
35 92 -0.26 3.48 12.95 11.95 5.419E-02 3.430E-01 1.000E-03
35 93 -0.27 5.49 14.10 9.99 3.136E-02 1.020E-01 1.000E-03
35 94 -0.28 3.21 14.89 12.52 9.314E-03 7.000E-02 2.000E-03
36 89 0.12 4.83 13.28 5.00 7.980E+00 1.890E+02 2.400E+00
36 90 0.14 6.12 13.86 4.21 8.918E+00 3.232E+01 9.000E-02
36 91 0.18 4.63 15.99 6.27 5.366E-01 8.570E+00 4.000E-02
36 92 0.20 4.26 14.65 7.23 3.970E-01 1.840E+00 8.000E-03
36 93 0.22 3.53 14.70 7.99 5.291E-02 1.286E+00 1.000E-02
36 94 -0.24 5.75 14.95 6.34 1.799E-01 2.120E-01 5.000E-03
36 95 -0.28 3.39 15.14 9.46 6.771E-02 1.140E-01 3.000E-03
36 96 -0.29 5.18 15.64 8.38 6.698E-02 8.000E-02 8.000E-03
36 97 -0.28 2.52 16.12 11.54 1.553E-02 6.220E-02 3.200E-03
36 98 -0.28 4.76 16.72 10.50 1.147E-02 4.280E-02 3.600E-03
36 99 0.42 2.30 17.41 13.28 2.726E-02 4.000E-02 1.000E-03
36 100 0.40 4.33 17.82 11.81 2.569E-02 1.200E-02 8.000E-03
37 89 0.08 7.44 9.04 4.43 3.987E+01 9.090E+02 7.200E+00
37 90 0.11 5.33 9.55 7.08 1.494E+01 1.580E+02 5.000E+00
37 91 0.13 6.69 10.12 5.97 5.369E+00 5.840E+01 4.000E-01
37 92 0.18 5.22 10.71 8.01 1.498E+00 4.492E+00 2.000E-02
37 93 -0.17 4.29 10.73 7.31 3.569E-01 5.840E+00 2.000E-02
37 94 -0.21 4.10 11.31 9.70 2.293E-01 2.702E+00 5.000E-03
37 95 -0.22 6.52 12.08 7.50 1.226E-01 3.777E-01 8.000E-04
37 97 0.41 5.68 13.28 8.94 7.507E-02 1.691E-01 6.000E-04
37 98 0.42 3.72 14.48 11.62 4.196E-02 1.140E-01 5.000E-03
37 99 0.41 5.08 14.80 10.79 3.190E-02 5.400E-02 4.000E-03
37 100 0.42 2.86 15.36 13.46 2.208E-02 4.800E-02 3.000E-03
37 101 0.41 4.73 15.76 12.07 2.055E-02 3.180E-02 3.300E-03
37 102 0.41 2.40 16.25 14.69 1.554E-02 3.700E-02 1.000E-02
37 103 0.40 4.12 16.65 13.49 9.371E-03 2.300E-02 1.300E-02
38 93 0.06 3.59 10.82 6.24 3.995E+01 4.458E+02 1.800E+00
38 94 -0.14 6.49 13.02 3.96 6.985E+00 7.530E+01 2.000E-01
38 95 -0.18 4.32 13.24 6.59 2.384E+00 2.390E+01 1.400E-01
38 96 -0.18 6.62 13.34 4.69 9.826E-01 1.070E+00 1.000E-02
38 97 0.47 4.59 13.84 8.41 1.234E-01 4.290E-01 5.000E-03
38 98 0.44 6.40 14.56 6.26 4.366E-01 6.530E-01 2.000E-03
38 99 0.43 4.25 15.09 8.78 1.653E-01 2.690E-01 1.000E-03
38 100 0.43 5.53 15.54 7.59 1.521E-01 2.020E-01 3.000E-03
38 101 0.43 3.35 16.02 10.35 6.539E-02 1.138E-01 1.700E-03
38 102 0.43 5.01 16.30 9.12 6.821E-02 6.900E-02 6.000E-03
38 103 0.43 2.92 16.83 11.68 4.184E-02 5.300E-02 1.000E-02
38 104 0.42 4.53 17.24 10.43 3.948E-02 5.300E-02 5.000E-03
38 105 0.42 2.23 17.62 13.10 1.511E-02 3.900E-02 5.000E-03
38 106 0.42 4.14 17.94 11.50 1.431E-02 2.000E-02 8.000E-03
39 95 -0.15 6.95 10.12 4.85 7.029E+00 6.180E+02 6.000E+00
39 96 -0.17 4.72 10.52 7.34 4.648E+00 5.340E+00 5.000E-02
39 97 0.48 8.31 12.22 4.45 1.689E+00 3.750E+00 3.000E-02
39 98 0.47 4.25 11.87 7.78 1.098E+00 5.480E-01 2.000E-03
39 99 0.46 6.77 12.25 6.17 1.159E+00 1.484E+00 7.000E-03
39 100 0.44 4.34 12.34 8.71 5.832E-01 7.350E-01 7.000E-03
39 101 0.44 6.11 12.92 7.69 4.222E-01 4.260E-01 2.000E-03
39 103 0.44 5.48 13.82 9.05 1.680E-01 2.390E-01 1.000E-03
39 104 0.43 3.28 14.18 11.61 8.499E-02 1.980E-01 2.000E-02
39 105 0.43 4.90 14.54 10.34 8.208E-02 1.070E-01 9.000E-03
39 106 0.42 2.54 14.86 12.99 3.065E-02 8.200E-02 1.000E-02
39 107 0.43 4.67 15.39 11.34 1.626E-02 3.350E-02 3.000E-03
39 108 0.44 2.47 15.84 14.29 6.869E-03 3.000E-02 5.000E-03
39 109 0.44 3.55 16.23 13.45 1.193E-02 2.500E-02 5.000E-03
40 98 -0.19 7.58 11.25 2.24 1.695E+02 3.070E+01 4.000E-01
40 99 0.38 5.16 12.16 4.98 1.127E+01 2.100E+00 1.000E-01
40 100 -0.21 6.88 12.27 4.13 5.492E+00 7.100E+00 4.000E-01
40 101 0.41 5.08 13.01 6.10 7.630E-01 2.300E+00 1.000E-01
40 102 0.41 6.45 13.36 4.93 4.034E+00 2.900E+00 2.000E-01
40 103 0.42 4.17 13.75 7.45 3.468E-01 1.380E+00 7.000E-02
40 104 0.41 5.84 14.11 6.55 1.109E+00 9.200E-01 2.000E-03
40 105 0.41 3.62 14.45 9.04 1.435E-01 6.700E-01 2.000E-03
40 106 -0.22 5.20 14.75 7.67 9.718E-02 1.750E-01 7.000E-03
40 107 0.40 3.02 15.23 10.79 4.946E-02 1.500E-01 3.000E-03
40 108 -0.22 5.42 15.98 8.86 8.458E-02 7.850E-01 2.000E-03
40 109 0.38 2.70 16.21 11.98 1.544E-02 5.600E-02 3.000E-03
40 110 -0.20 4.77 17.44 10.26 4.583E-02 3.750E-02 2.000E-02
40 111 0.46 1.52 16.76 14.02 1.539E-02 2.400E-02 5.000E-03
40 112 0.00 4.96 18.83 11.68 9.898E-03 3.000E-02 1.000E-02
41 98 -0.20 6.01 9.04 5.34 1.192E+02 2.860E+00 6.000E-02
41 99 -0.20 7.90 9.35 3.83 3.359E+01 1.500E+01 2.000E-01
41 100 0.33 6.04 10.23 5.80 1.726E+01 1.500E+00 2.000E-01
41 101 -0.21 7.05 10.40 4.72 5.193E+00 7.100E+00 3.000E-01
41 102 0.39 5.28 10.60 7.22 3.340E+00 4.300E+00 4.000E-01
41 103 -0.21 6.69 10.84 5.90 1.643E-01 1.500E+00 2.000E-01
41 105 -0.22 6.12 11.88 7.81 6.022E-02 2.950E+00 6.000E-02
41 106 -0.22 3.83 12.08 10.19 9.174E-02 1.050E+00 1.000E-03
41 107 -0.22 6.14 13.03 8.29 5.350E-02 1.950E-01 6.000E-03
41 108 -0.22 3.49 13.49 11.35 3.293E-02 2.100E-01 5.000E-03
41 109 -0.22 5.83 13.90 9.43 3.102E-02 1.100E-01 6.000E-03
41 110 -0.23 3.05 14.25 12.65 2.192E-02 8.200E-02 2.000E-03
41 111 -0.21 5.28 14.76 10.90 2.016E-02 5.400E-02 2.000E-03
41 112 -0.20 2.63 15.86 13.89 1.484E-02 3.800E-02 2.000E-03
41 113 -0.19 4.98 15.88 11.95 1.198E-02 3.200E-02 4.000E-03
41 114 -0.19 1.98 15.98 15.40 9.649E-03 1.700E-02 5.000E-03
41 115 -0.17 4.42 15.64 13.34 8.383E-03 2.300E-02 8.000E-03
42 101 0.29 5.96 10.98 2.79 1.943E+02 8.766E+02 1.800E+00
42 102 -0.21 7.79 11.72 1.19 2.625E+03 6.780E+02 1.200E+01
42 103 0.38 5.37 11.81 3.93 5.201E+01 6.750E+01 1.500E+00
42 104 -0.22 7.44 12.57 2.23 1.228E+02 6.000E+01 2.000E+00
42 105 0.38 5.52 13.14 4.93 9.278E+00 3.560E+01 1.600E+00
42 106 -0.22 6.21 13.23 3.87 6.147E+00 8.730E+00 1.200E-01
42 107 -0.23 4.24 13.65 7.12 1.093E+00 3.500E+00 5.000E-01
42 108 -0.23 6.55 14.06 5.25 8.391E-01 1.105E+00 1.000E-02
42 109 -0.23 3.90 14.47 8.32 2.777E-01 7.000E-01 5.000E-02
42 110 -0.23 6.26 14.91 6.38 1.030E-01 2.920E-01 7.000E-03
42 111 -0.23 3.53 15.40 9.56 4.423E-02 1.960E-01 5.000E-03
42 112 -0.21 5.62 15.74 7.96 1.126E-01 1.250E-01 5.000E-03
42 113 -0.20 3.03 16.14 10.89 6.375E-02 8.000E-02 2.000E-03
42 114 -0.19 5.43 16.60 8.78 5.763E-02 5.800E-02 2.000E-03
42 115 -0.18 2.35 16.97 12.16 2.797E-02 4.550E-02 2.000E-02
42 116 0.00 5.39 17.95 9.47 2.514E-02 3.200E-02 4.000E-03
42 117 0.00 2.33 18.59 12.75 2.171E-02 2.200E-02 5.000E-03
42 118 0.00 5.21 19.01 10.28 1.524E-02 1.900E-02 7.000E-03
43 101 0.23 8.52 7.97 1.60 3.771E+03 8.532E+02 6.000E-01
43 103 -0.22 8.11 8.52 2.70 1.634E+02 5.420E+01 8.000E-01
43 105 -0.23 8.22 9.67 3.41 1.884E+01 4.560E+02 6.000E+00
43 106 -0.22 5.15 9.30 6.72 5.596E+00 3.560E+01 6.000E-01
43 107 -0.23 7.49 10.58 5.20 1.223E+00 2.120E+01 2.000E-01
43 108 -0.23 4.68 11.02 7.96 5.646E-01 5.170E+00 7.000E-02
43 109 -0.23 6.98 11.44 5.99 2.981E-01 1.140E+00 3.000E-02
43 110 -0.23 4.33 11.86 9.00 1.414E+00 9.000E-01 1.000E-03
43 111 -0.23 6.71 12.31 6.98 3.762E-01 3.500E-01 1.000E-03
43 112 -0.23 4.02 12.80 10.05 4.079E-02 3.230E-01 6.000E-03
43 113 -0.22 5.96 13.14 8.49 5.314E-02 1.520E-01 8.000E-03
43 114 -0.21 3.33 13.43 11.58 4.026E-02 1.200E-01 1.000E-02
43 115 -0.20 5.73 13.73 9.50 3.702E-02 7.800E-02 2.000E-03
43 116 -0.20 2.70 14.08 12.96 2.316E-02 5.700E-02 3.000E-03
43 117 -0.02 5.61 14.30 10.70 4.181E-02 4.450E-02 3.000E-02
43 118 -0.01 2.73 14.70 14.42 3.987E-02 3.000E-02 4.000E-03
43 119 -0.02 5.61 15.10 11.93 2.685E-02 2.200E-02 3.000E-03
43 120 0.02 2.44 15.51 15.54 2.476E-02 2.100E-02 5.000E-03
43 121 -0.02 5.09 15.96 13.34 1.736E-02 2.200E-02 6.000E-03
44 107 0.29 5.97 11.91 3.08 1.389E+02 2.250E+02 3.000E+00
44 108 -0.22 7.44 11.86 1.59 9.443E+02 2.730E+02 3.000E+00
44 109 -0.23 5.01 12.18 5.05 1.414E+01 3.450E+01 1.000E+00
44 110 -0.23 7.33 12.54 2.64 3.149E+01 1.204E+01 1.700E-01
44 111 -0.23 4.69 12.91 5.87 2.319E+00 2.120E+00 7.000E-02
44 112 -0.23 7.09 13.29 3.82 3.113E+00 1.750E+00 7.000E-02
44 113 -0.23 4.40 13.67 6.90 4.621E-01 8.000E-01 5.000E-03
44 114 -0.22 6.42 14.13 5.33 8.953E-01 5.400E-01 3.000E-03
44 115 -0.20 3.65 14.46 8.50 3.395E-01 3.220E-01 1.000E-03
44 116 0.00 6.16 14.88 7.21 3.943E-01 2.040E-01 6.000E-03
44 117 0.02 3.35 15.53 9.44 1.762E-01 1.510E-01 3.000E-03
44 118 0.00 6.46 16.37 6.85 2.201E-01 9.900E-02 3.000E-03
44 119 0.00 3.12 16.76 10.69 1.085E-01 6.950E-02 2.000E-02
44 120 0.00 6.04 17.19 8.11 1.062E-01 4.500E-02 2.000E-03
44 121 0.01 2.90 17.65 11.68 7.007E-02 2.900E-02 2.000E-03
44 122 0.00 5.53 18.09 9.38 5.419E-02 2.500E-02 1.000E-03
44 123 0.03 2.75 18.50 12.49 4.191E-02 1.900E-02 2.000E-03
44 124 0.00 5.16 18.76 10.46 3.300E-02 1.500E-02 3.000E-03
45 106 0.24 5.43 7.72 3.50 1.845E+03 3.007E+01 3.500E-01
45 108 0.26 5.94 8.24 4.39 2.545E+02 1.680E+01 5.000E-01
45 109 0.26 8.47 9.27 2.29 2.194E+02 8.000E+01 2.000E+00
45 111 -0.23 7.92 9.78 4.11 1.152E+01 1.100E+01 1.000E+00
45 112 -0.23 5.04 10.13 7.28 3.416E+00 3.400E+00 4.000E-01
45 113 -0.23 7.48 10.52 5.65 2.395E+00 2.800E+00 1.200E-01
45 115 -0.22 6.82 11.38 5.78 8.643E-01 9.900E-01 5.000E-03
45 117 0.05 5.58 12.01 7.64 6.275E-01 4.210E-01 3.000E-03
45 118 0.01 3.87 12.52 11.08 3.294E-01 2.850E-01 1.000E-02
45 119 0.03 6.96 13.03 8.33 3.238E-01 1.900E-01 6.000E-03
45 120 0.00 3.46 13.37 12.19 1.843E-01 1.310E-01 5.000E-03
45 121 0.02 6.47 13.80 9.63 1.440E-01 7.600E-02 5.000E-03
45 122 0.02 3.22 14.12 13.32 9.648E-02 5.100E-02 6.000E-03
45 123 0.00 5.86 14.45 11.03 7.886E-02 4.200E-02 4.000E-03
45 124 0.02 3.13 14.84 14.12 6.394E-02 3.000E-02 2.000E-03
45 125 0.00 5.69 15.36 11.93 4.538E-02 2.650E-02 2.000E-02
45 126 0.03 3.35 15.65 14.80 1.276E-01 1.900E-02 3.000E-03
45 127 0.00 5.68 16.12 12.94 1.820E-02 2.000E-02 1.000E-02
46 113 0.23 5.85 12.35 4.09 6.802E+01 9.300E+01 5.000E+00
46 114 0.20 6.78 11.65 2.31 1.433E+03 1.452E+02 3.600E+00
46 115 0.21 5.03 11.82 6.14 1.392E+01 2.500E+01 2.000E+00
46 116 0.14 8.51 13.50 2.64 6.712E+01 1.180E+01 4.000E-01
46 117 0.13 3.80 12.44 7.08 3.019E+00 4.300E+00 3.000E-01
46 118 0.05 7.31 14.17 4.42 4.661E+00 1.900E+00 1.000E-01
46 119 0.05 4.21 14.50 7.70 7.841E-01 9.200E-01 8.000E-03
46 120 0.02 7.32 14.87 4.99 2.234E+00 4.920E-01 3.000E-03
46 121 0.04 3.90 15.31 8.61 4.888E-01 2.900E-01 1.000E-03
46 122 0.01 6.92 15.77 6.03 7.702E-01 1.950E-01 5.000E-03
46 123 0.02 3.56 16.10 9.60 2.795E-01 1.080E-01 1.000E-03
46 124 0.00 6.22 16.47 7.40 2.843E-01 8.800E-02 1.500E-02
46 125 -0.02 3.50 16.84 10.48 1.120E-01 5.700E-02 1.000E-02
46 126 0.00 6.22 17.37 8.14 1.367E-01 4.860E-02 8.000E-03
46 127 0.03 3.82 17.84 11.08 8.539E-01 3.800E-02 2.000E-03
46 128 0.00 5.99 18.15 9.40 6.070E-02 3.500E-02 3.000E-03
46 129 -0.02 0.87 18.45 14.75 3.765E-02 3.100E-02 7.000E-03
47 114 0.18 5.01 8.31 5.17 6.421E+01 4.600E+00 1.000E-01
47 116 0.19 5.01 10.37 6.05 1.182E+01 2.298E+02 4.800E+00
47 117 -0.05 8.23 10.09 3.85 1.246E+01 7.360E+01 1.400E+00
47 118 0.15 4.65 10.95 8.02 3.631E+00 3.760E+00 1.500E-01
47 120 0.04 4.62 11.54 8.50 6.502E-01 1.230E+00 4.000E-02
47 124 0.03 4.02 12.84 11.06 4.010E-01 1.800E-01 3.000E-03
47 125 0.03 6.58 13.20 8.81 3.227E-01 1.500E-01 8.000E-03
47 126 -0.02 3.88 13.58 11.97 2.082E-01 9.800E-02 5.000E-03
47 127 0.02 6.76 14.11 9.60 1.154E-01 8.900E-02 2.000E-03
47 128 0.03 4.32 14.61 12.50 5.188E-01 5.900E-02 5.000E-03
47 129 0.01 6.22 14.84 10.81 6.321E-02 5.200E-02 4.000E-03
47 130 0.03 1.20 15.17 16.42 6.281E-02 4.200E-02 5.000E-03
47 131 0.02 2.48 15.28 15.33 2.529E-02 3.500E-02 8.000E-03
47 132 0.03 1.13 15.55 16.97 1.759E-02 2.800E-02 1.500E-02
48 119 0.05 4.62 11.86 4.72 3.456E+01 1.614E+02 1.200E+00
48 120 0.00 7.96 12.33 1.70 6.521E+02 5.080E+01 2.100E-01
48 121 -0.02 5.02 12.74 4.97 1.010E+01 1.350E+01 3.000E-01
48 122 0.00 8.10 13.32 2.33 4.927E+01 5.240E+00 3.000E-02
48 123 0.00 4.82 13.79 6.09 2.668E+00 2.100E+00 2.000E-02
48 124 0.00 7.63 14.30 3.54 7.886E+00 1.250E+00 2.000E-02
48 125 -0.01 4.33 14.61 7.26 9.719E-01 6.800E-01 4.000E-03
48 126 0.00 7.04 15.07 4.88 1.834E+00 5.130E-01 6.000E-03
48 127 0.02 4.39 15.58 8.22 4.799E-01 3.300E-01 2.000E-02
48 128 0.00 7.21 16.03 6.25 4.924E-01 2.450E-01 5.000E-03
48 129 0.03 4.54 16.25 9.07 2.016E+00 1.545E-01 2.000E-02
48 130 0.00 6.80 16.83 7.49 1.272E-01 1.270E-01 2.000E-03
48 131 -0.02 1.39 17.03 12.83 7.390E-02 9.800E-02 2.000E-03
48 132 0.00 2.76 17.31 11.89 4.119E-02 8.200E-02 4.000E-03
48 133 0.01 1.22 17.41 13.66 3.729E-02 6.400E-02 8.000E-03
48 134 0.00 2.86 17.67 12.26 2.855E-02 6.500E-02 1.500E-02
49 119 -0.06 9.38 8.56 1.05 3.566E+02 1.440E+02 6.000E+00
49 121 -0.05 8.29 9.21 2.52 4.888E+01 2.310E+01 6.000E-01
49 123 -0.04 8.58 10.13 3.18 1.180E+01 6.170E+00 5.000E-02
49 125 -0.03 8.05 10.81 4.62 1.710E+01 2.360E+00 4.000E-02
49 127 0.04 7.72 11.83 6.21 2.437E+00 1.090E+00 1.000E-02
49 128 0.04 5.24 12.68 9.37 1.398E+00 8.100E-01 3.000E-02
49 129 0.03 7.36 12.83 7.42 1.454E+00 5.700E-01 1.000E-02
49 130 0.04 5.22 13.51 10.25 3.246E+00 2.840E-01 1.000E-02
49 131 0.02 6.74 13.44 8.67 2.046E-01 2.610E-01 3.000E-03
49 132 0.03 1.82 13.87 14.53 2.975E-01 1.980E-01 2.000E-03
49 133 0.03 2.99 14.10 13.44 8.010E-02 1.630E-01 7.000E-03
49 134 0.04 1.45 14.33 15.34 6.848E-02 1.260E-01 7.000E-03
49 135 0.04 2.89 14.36 14.06 4.054E-02 1.030E-01 5.000E-03
49 136 0.03 1.25 14.57 15.99 6.667E-02 8.500E-02 1.000E-02
49 137 0.05 3.06 14.94 14.23 2.881E-02 6.500E-02 3.500E-02
50 129 0.01 5.41 13.99 3.31 1.048E+01 1.338E+02 2.400E+00
50 130 0.00 8.05 14.69 0.97 1.005E+02 2.232E+02 4.200E+00
50 131 0.02 5.16 14.63 4.09 8.556E+00 5.600E+01 5.000E-01
50 132 0.00 7.67 15.56 2.11 3.808E+00 3.970E+01 8.000E-01
50 133 -0.02 1.91 15.65 8.01 4.218E-01 1.460E+00 3.000E-02
50 134 0.00 3.35 16.01 7.08 3.028E-01 8.900E-01 2.000E-02
50 135 0.01 1.60 16.17 9.14 2.207E-01 5.150E-01 5.000E-03
50 136 0.00 3.18 16.46 8.28 1.533E-01 3.500E-01 5.000E-03
50 137 0.01 1.30 16.50 10.98 1.133E-01 2.300E-01 3.000E-02
50 138 0.00 3.10 16.54 9.64 9.675E-02 1.400E-01 2.500E-02
50 139 0.02 1.31 16.64 12.12 6.341E-02 1.300E-01 6.000E-02
51 132 0.04 5.69 9.01 6.11 2.212E+09 1.674E+02 4.200E+00
51 133 -0.02 7.80 9.14 3.73 1.683E+01 1.404E+02 3.000E+00
51 134 0.04 2.43 9.65 9.60 1.580E+01 7.800E-01 6.000E-03
51 135 0.04 3.66 9.96 8.46 1.301E+00 1.679E+00 1.500E-02
51 136 0.04 2.32 10.68 11.28 5.735E-01 9.230E-01 1.000E-03
51 137 0.07 4.01 11.50 10.06 2.760E-01 4.840E-01 2.000E-03
51 138 0.06 1.76 11.95 12.55 2.481E-01 3.500E-01 1.000E-03
51 139 0.10 3.79 12.65 11.11 1.042E-01 9.300E-02 1.000E-03
52 133 0.03 5.43 10.76 3.02 9.547E+03 7.500E+02 1.800E+01
52 135 -0.03 2.52 11.33 6.26 4.554E+00 1.900E+01 2.000E-01
52 136 0.00 5.14 12.82 4.14 2.485E+00 1.763E+01 8.000E-02
52 137 0.03 2.79 13.29 7.07 9.030E-01 2.490E+00 5.000E-02
52 138 0.00 4.24 13.52 6.15 8.544E-01 1.400E+00 4.000E-01
53 136 0.04 3.02 8.50 7.99 1.940E+01 8.340E+01 1.000E+00
53 137 0.05 5.72 9.08 5.94 1.874E+00 2.413E+01 1.200E-01
53 138 0.11 3.32 9.61 8.90 9.103E-01 6.230E+00 3.000E-02
53 139 0.14 4.99 10.35 7.27 6.336E-01 2.282E+00 1.000E-02
53 140 0.16 2.92 10.92 9.47 3.020E-01 8.600E-01 4.000E-03
53 141 0.16 4.50 11.34 8.21 2.506E-01 4.300E-01 2.000E-03
53 142 0.17 2.48 11.80 10.56 1.669E-01 2.220E-01 1.000E-03
54 137 -0.03 3.67 10.88 3.98 5.543E+01 2.291E+02 7.800E-01
54 138 0.00 6.29 11.44 2.11 4.121E+01 8.448E+02 4.800E+00
54 139 0.11 3.35 11.47 5.19 3.554E+00 3.968E+01 1.400E-01
54 140 0.14 5.12 11.61 4.04 5.780E+00 1.360E+01 1.000E-01
54 141 0.16 3.24 11.92 6.46 8.068E-01 1.730E+00 1.000E-02
54 142 0.17 4.83 12.25 5.34 9.005E-01 1.230E+00 2.000E-02
54 143 0.19 2.97 12.74 7.68 3.058E-01 5.110E-01 6.000E-03
54 144 0.20 4.91 13.06 6.10 3.179E-01 3.880E-01 7.000E-03
54 145 0.20 2.61 13.56 8.81 1.517E-01 1.880E-01 4.000E-03
54 146 0.22 4.60 13.90 7.31 1.401E-01 1.460E-01 6.000E-03
54 147 0.23 2.30 14.28 9.93 7.864E-02 1.300E-01 8.000E-03
55 139 0.09 6.43 7.76 4.35 1.096E+01 5.562E+02 3.000E+00
55 140 0.12 3.98 8.38 6.84 4.716E+00 6.370E+01 3.000E-01
55 141 0.15 5.65 8.91 5.28 2.407E+00 2.484E+01 1.600E-01
55 142 0.17 3.72 9.39 7.45 7.972E-01 1.684E+00 1.400E-02
55 143 0.18 5.30 9.86 6.17 5.709E-01 1.791E+00 7.000E-03
55 145 0.20 5.32 10.64 6.83 2.095E-01 5.820E-01 6.000E-03
55 146 0.22 3.09 11.12 9.45 1.374E-01 3.230E-01 6.000E-03
55 147 0.23 4.93 11.45 7.93 1.012E-01 2.300E-01 1.000E-03
55 148 0.23 2.64 11.79 10.58 7.027E-02 1.460E-01 6.000E-03
56 142 0.15 5.88 10.38 1.97 1.227E+02 6.360E+02 1.200E+01
56 143 0.17 4.02 10.69 4.23 4.549E+00 1.450E+01 3.000E-01
56 144 0.19 5.47 10.86 3.16 8.011E+00 1.150E+01 2.000E-01
56 145 0.20 3.84 11.37 5.20 1.316E+00 4.310E+00 1.600E-01
56 146 0.21 5.71 11.75 3.66 1.988E+00 2.220E+00 7.000E-02
56 147 0.24 3.41 12.08 6.50 6.160E-01 8.940E-01 1.000E-03
56 148 0.25 5.28 12.43 6.07 7.365E-01 6.120E-01 1.000E-03
56 149 0.30 3.32 13.12 7.72 3.785E-01 3.440E-01 7.000E-03
56 150 0.29 5.04 13.33 6.42 3.012E-01 3.000E-01 0.000E+00
57 143 0.15 6.29 7.47 3.76 2.557E+01 8.520E+02 6.000E+00
57 144 0.17 4.40 7.85 5.95 9.267E+00 4.080E+01 4.000E-01
57 145 0.19 5.88 8.25 4.78 6.265E+00 2.480E+01 2.000E+00
57 146 0.20 4.17 8.58 6.78 2.471E+00 6.270E+00 1.000E-01
57 147 0.24 6.25 9.13 5.09 1.707E+00 4.060E+00 4.000E-02
57 148 0.26 4.85 10.56 6.99 5.764E-01 1.260E+00 8.000E-02
57 149 0.30 4.98 10.26 6.64 4.650E-01 1.050E+00 3.000E-02
57 150 0.31 3.75 10.69 9.07 2.843E-01 5.100E-01 3.000E-03
58 145 0.18 4.71 9.88 2.42 7.396E+01 1.806E+02 3.600E+00
58 146 0.20 6.16 10.16 1.33 2.189E+03 8.112E+02 7.800E+00
58 147 0.21 4.56 10.56 3.33 1.715E+01 5.640E+01 1.000E+00
58 148 0.25 6.75 11.05 2.25 9.487E+01 5.600E+01 1.000E+00
58 149 0.30 4.63 10.83 4.23 4.514E+00 5.300E+00 2.000E-01
58 150 0.31 6.18 12.04 3.39 7.471E+00 4.000E+00 6.000E-01
58 151 0.32 4.94 13.23 5.14 1.164E+00 1.760E+00 6.000E-02
58 152 0.32 4.54 12.59 5.30 1.379E+00 1.100E+00 3.000E-01
59 147 0.21 6.57 7.12 3.13 6.678E+01 8.040E+02 1.800E+01
59 149 0.31 6.61 8.08 2.85 2.218E+01 1.356E+02 4.200E+00
59 150 0.31 5.34 8.79 5.07 1.607E+00 6.190E+00 1.600E-01
59 151 0.33 6.68 9.29 3.92 5.833E+00 1.890E+01 7.000E-02
59 152 0.33 4.70 9.06 6.26 8.710E-01 3.630E+00 1.200E-01
59 153 0.33 6.49 11.01 4.79 9.314E-01 4.280E+00 1.100E-01
59 154 0.34 3.26 10.43 7.69 3.610E-01 2.300E+00 1.000E-01
60 151 0.31 5.54 9.82 2.32 8.672E+01 7.464E+02 4.200E+00
60 152 0.34 7.05 10.18 1.16 1.807E+03 6.840E+02 1.200E+01
60 153 0.34 5.02 10.50 3.61 1.648E+01 3.160E+01 1.000E+00
60 154 0.34 6.15 10.16 2.82 2.273E+01 2.590E+01 2.000E-01
60 155 0.35 4.32 11.23 5.10 2.351E+00 8.900E+00 2.000E-01
60 156 0.35 6.10 11.54 3.53 4.019E+00 5.060E+00 1.300E-01
61 153 0.34 7.47 7.85 2.22 3.063E+02 3.150E+02 1.200E+00
61 155 0.36 6.60 8.64 3.76 2.264E+01 4.150E+01 2.000E-01
61 156 0.36 4.53 8.85 6.31 1.123E+01 2.670E+01 1.000E-01
61 157 0.37 6.42 9.17 4.67 5.525E+00 1.056E+01 1.000E-01
61 158 0.37 4.48 9.66 6.89 2.512E+00 4.800E+00 5.000E-01
61 159 0.37 6.13 9.82 5.54 1.193E+00 1.500E+00 2.000E-01
62 157 0.35 4.77 10.30 3.24 5.126E+01 4.818E+02 4.200E+00
62 158 0.35 6.71 10.59 1.61 1.074E+02 3.180E+02 1.800E+00
62 159 0.35 4.79 10.90 3.93 8.162E+00 1.137E+01 1.500E-01
62 160 0.35 6.50 11.27 2.39 6.336E+00 9.600E+00 3.000E-01
62 161 0.35 4.48 11.60 4.90 1.081E+00 4.800E+00 4.000E-01
62 162 0.35 5.87 11.99 3.82 1.872E+00 2.400E+00 5.000E-01
63 160 0.35 4.96 8.11 5.14 1.985E+01 3.800E+01 4.000E+00
63 161 0.35 6.99 8.59 3.50 9.528E+00 2.600E+01 3.000E+00
63 162 0.35 4.79 8.90 5.95 2.828E+00 1.060E+01 1.000E+00
63 163 0.35 6.16 9.19 4.88 2.476E+00 7.700E+00 4.000E-01
63 164 0.36 4.61 9.48 6.77 1.018E+00 4.200E+00 2.000E-01
63 165 0.35 5.70 9.77 5.98 1.139E+00 2.700E+00 3.000E-01
63 166 0.35 4.23 10.05 7.78 5.311E-01 1.700E+00 3.000E-01
64 161 0.34 5.34 9.70 2.14 2.308E+02 2.188E+02 1.800E-01
64 162 0.35 7.23 9.95 0.55 4.024E+02 5.040E+02 1.200E+01
64 163 0.35 5.09 10.25 3.07 1.239E+01 6.800E+01 3.000E+00
64 164 0.35 6.50 10.59 2.01 3.888E+01 4.500E+01 3.000E+00
64 165 0.35 4.91 10.90 3.94 3.976E+00 1.030E+01 1.600E+00
64 166 0.35 6.02 11.23 3.10 8.394E+00 4.800E+00 1.000E+00
65 162 0.35 5.65 7.00 3.29 9.086E+03 4.560E+02 9.000E+00
65 164 0.35 5.44 7.73 4.09 3.004E+01 1.800E+02 6.000E+00
65 165 0.35 6.84 8.07 2.98 2.359E+01 1.266E+02 6.000E+00
65 166 0.35 5.18 8.34 5.02 5.669E+00 2.510E+01 2.100E+00
65 167 0.35 6.25 8.57 4.14 6.352E+00 1.900E+01 3.000E+00
65 168 0.35 4.87 8.88 5.86 1.987E+00 8.200E+00 1.300E+00
66 167 0.35 5.38 9.61 2.13 6.931E+01 3.720E+02 4.800E+00
66 168 0.34 6.59 9.95 1.17 3.451E+02 5.220E+02 1.800E+01
66 169 0.35 5.18 10.26 2.92 7.703E+00 3.900E+01 8.000E+00
67 168 0.35 5.62 6.97 3.29 1.795E+02 1.794E+02 4.200E+00
67 169 0.34 6.93 7.32 2.29 1.256E+05 2.832E+02 6.000E+00
67 171 0.33 6.64 8.03 3.11 1.446E+01 5.300E+01 2.000E+00
67 172 0.33 4.87 8.33 5.14 3.683E+00 2.500E+01 3.000E+00
68 173 0.32 5.20 9.56 2.55 4.269E+01 8.604E+01 1.020E+00
68 174 0.32 6.58 9.90 1.51 9.189E+01 1.920E+02 1.200E+01
68 175 0.31 4.85 10.27 3.57 7.447E+00 7.200E+01 1.800E+01
69 174 0.32 5.53 7.30 3.17 8.828E+01 3.240E+02 6.000E+00
69 175 0.32 6.91 7.64 2.06 7.732E+01 9.120E+02 3.000E+01
69 176 0.31 5.17 7.96 4.09 2.248E+01 1.110E+02 1.800E+00
69 177 0.31 6.58 8.26 3.02 9.174E+00 9.000E+01 6.000E+00
70 179 0.30 4.97 9.40 2.96 3.657E+01 4.800E+02 2.400E+01
70 180 0.29 6.35 9.68 1.88 3.796E+01 1.440E+02 3.000E+01
71 180 0.28 5.27 7.45 3.51 1.450E+02 3.420E+02 6.000E+00
71 181 0.28 6.62 7.72 2.45 3.809E+01 2.100E+02 1.800E+01
71 182 0.28 4.86 8.01 4.54 3.427E+01 1.200E+02 1.200E+01
71 183 0.27 5.80 8.34 3.92 8.630E+00 5.800E+01 4.000E+00
71 184 0.26 4.93 8.61 5.22 7.464E+00 2.000E+01 3.000E+00
72 185 0.24 5.31 9.75 2.60 1.772E+01 2.100E+02 3.600E+01
72 186 0.23 6.58 10.20 1.69 4.985E+01 1.560E+02 7.200E+01
73 186 0.23 5.67 7.49 3.38 2.094E+01 6.300E+02 1.800E+01
73 188 0.20 4.62 7.87 5.01 4.812E+00 1.960E+01 2.000E+00
73 192 -0.16 5.15 8.69 6.75 1.004E+00 2.200E+00 7.000E-01
74 189 0.20 5.08 9.31 2.02 5.541E+01 6.420E+02 3.000E+01
75 190 0.19 6.01 7.25 2.28 5.247E+01 1.860E+02 1.800E+01
75 191 0.17 6.50 7.07 1.59 1.092E+02 5.880E+02 3.000E+01
75 192 0.16 5.24 7.42 3.97 1.538E+01 1.600E+01 9.000E-01
75 194 -0.14 5.52 7.77 5.16 5.737E+00 1.000E+00 5.000E-01
75 195 -0.12 6.79 8.08 3.72 5.189E+00 6.000E+00 1.000E+00
76 197 -0.10 4.41 9.96 3.61 1.755E+01 1.680E+02 3.600E+01
76 199 0.00 4.83 10.56 4.61 4.111E+00 6.000E+00 3.000E+00
76 200 0.00 7.19 11.14 2.06 1.142E+01 7.000E+00 4.000E+00
77 196 -0.12 5.63 6.93 3.40 1.380E+02 5.200E+01 1.000E+00
77 197 -0.11 7.50 7.24 1.80 7.262E+01 3.480E+02 3.000E+01
77 198 -0.10 5.13 7.96 4.54 2.183E+01 8.000E+00 1.000E+00
77 200 -0.10 4.63 8.46 6.62 3.465E+01 4.400E+01 6.000E+00
77 201 -0.07 6.71 7.98 4.40 4.489E+00 2.100E+01 5.000E+00
77 202 -0.00 5.63 8.55 5.29 5.838E+01 1.300E+01 2.000E+00
78 201 0.00 4.48 10.32 2.41 2.401E+01 1.500E+02 6.000E+00
78 203 0.00 6.14 10.65 2.15 2.525E+01 2.200E+01 4.000E+00
78 204 0.00 7.20 10.83 1.37 1.182E+01 1.030E+01 1.400E+00
79 202 -0.01 5.23 6.86 3.56 4.001E+02 2.840E+01 1.200E+00
79 203 0.00 7.18 7.51 2.15 8.279E+01 6.000E+01 6.000E+00
79 204 0.00 6.42 7.79 3.73 1.910E+03 3.820E+01 1.400E+00
79 205 0.00 7.37 7.96 3.04 5.979E+00 3.250E+01 1.400E+00
80 205 0.00 6.68 9.63 0.91 1.309E+04 3.084E+02 5.400E+00
80 206 0.00 7.59 9.84 0.20 4.430E+02 4.992E+02 4.200E+00
80 207 -0.01 2.91 10.03 5.04 8.754E+00 1.740E+02 1.200E+01
80 209 0.01 2.66 10.46 5.73 1.471E+00 3.700E+01 8.000E+00
81 207 0.00 7.76 7.17 1.45 2.111E+03 2.862E+02 1.200E+00
81 209 0.00 4.82 7.61 4.81 6.273E+01 1.297E+02 4.200E-01
81 210 0.01 2.86 7.80 7.02 7.972E+01 7.800E+01 1.800E+00
81 211 0.00 4.77 8.04 5.36 2.373E+01 1.000E+02 4.000E+00
81 212 0.00 2.66 8.19 7.65 2.788E+01 1.000E+02 4.000E+00
81 213 0.00 4.70 8.28 5.85 8.240E+00 6.000E+01 4.000E+00
82 213 0.00 2.90 9.77 2.40 8.438E+01 6.120E+02 1.800E+01
82 215 0.00 2.75 9.88 3.78 2.201E+01 1.470E+02 1.200E+01
83 215 -0.03 5.74 5.74 2.36 1.265E+04 4.560E+02 1.200E+01
83 217 -0.03 5.63 6.67 3.05 4.753E+02 9.850E+01 8.000E-01
83 218 0.04 2.81 6.89 5.90 1.025E+03 3.300E+01 1.000E+00
83 219 0.06 5.33 7.23 3.96 1.495E+01 2.200E+01 7.000E+00
85 221 0.13 5.89 6.50 1.90 3.223E+01 1.380E+02 1.200E+01
85 222 0.14 3.61 6.81 4.35 5.230E+00 5.400E+01 1.000E+00
86 225 0.19 3.27 7.98 3.53 1.436E+01 2.796E+02 2.400E+00
86 226 0.20 5.64 8.31 2.09 2.384E+02 4.440E+02 6.000E+00
86 227 0.22 3.89 9.04 3.22 5.534E+00 2.080E+01 7.000E-01
86 228 0.22 5.88 9.26 1.85 4.614E+01 6.500E+01 2.000E+00
87 222 0.15 4.48 4.86 2.03 9.728E+02 8.520E+02 1.800E+01
87 224 0.17 4.46 5.65 2.68 8.194E+01 1.998E+02 6.000E+00
87 225 0.17 6.42 6.02 1.46 6.229E+01 2.370E+02 8.400E+00
87 226 0.20 4.20 6.95 3.97 1.787E+01 4.900E+01 1.000E+00
87 227 0.20 5.02 6.33 3.09 1.558E+01 1.482E+02 1.800E+00
87 228 0.22 4.52 6.95 4.49 6.356E+00 3.800E+01 1.000E+00
87 229 0.22 5.74 6.81 3.19 5.848E+00 5.020E+01 4.000E-01
87 230 0.24 4.09 6.71 5.38 2.674E+00 1.910E+01 5.000E-01
87 231 0.24 5.74 7.26 4.10 2.128E+00 1.760E+01 6.000E-01
87 232 0.25 3.52 7.33 6.51 1.585E+00 5.500E+00 6.000E-01
88 229 0.23 4.45 8.15 1.85 7.310E+01 2.400E+02 1.200E+01
88 231 0.25 4.45 9.06 2.33 1.922E+01 1.040E+02 8.000E-01
88 232 0.25 5.93 9.25 1.06 1.436E+02 2.400E+02 1.800E+01
88 233 0.26 3.50 9.23 3.66 6.549E+00 3.000E+01 5.000E+00
88 234 0.26 5.31 9.41 1.97 2.030E+01 3.000E+01 1.000E+00
89 230 0.23 4.71 5.78 3.16 1.174E+02 1.220E+02 3.000E+00
89 231 0.24 6.50 6.00 1.70 5.111E+01 4.500E+02 6.000E+00
89 232 0.25 4.66 6.21 3.80 1.729E+01 1.188E+02 4.800E+00
89 233 0.25 6.09 6.37 2.67 1.372E+01 1.450E+02 1.000E+00
89 234 0.25 3.62 6.50 5.31 9.562E+00 4.500E+01 2.000E+00
90 235 0.26 4.13 8.66 2.14 9.971E+01 4.320E+02 6.000E+00
90 237 0.27 4.57 9.26 2.21 1.773E+01 2.880E+02 3.000E+01
90 238 0.27 5.51 9.07 2.26 6.659E+01 5.640E+02 1.200E+02
91 236 0.27 4.39 5.75 3.40 1.093E+02 5.460E+02 6.000E+00
91 237 0.27 5.84 5.99 2.32 3.162E+01 5.220E+02 1.200E+01
91 238 0.27 5.57 7.00 2.87 2.573E+01 1.362E+02 5.400E+00
93 241 0.28 6.97 6.68 0.72 3.365E+02 8.340E+02 1.200E+01
93 243 0.28 5.92 5.52 2.24 2.610E+01 1.110E+02 9.000E+00
93 244 0.28 4.64 5.72 3.71 3.137E+01 1.374E+02 9.600E+00
