10 23 0.34 2.80 2.5 1 1.717E+02 3.714E+01 5.000E-02
10 24 0.20 2.68 0.0 1 9.812E+02 2.028E+02 1.200E+00
10 25 -0.02 7.93 0.5 1 5.804E+00 6.020E-01 8.000E-03
10 26 0.00 8.93 0.0 1 1.801E+00 1.970E-01 1.000E-03
10 27 -0.10 12.54 1.5 1 1.642E-01 3.150E-02 1.300E-03
10 28 0.00 12.13 0.0 1 5.803E-02 1.890E-02 4.000E-04
10 29 -0.07 17.07 0.5 1 3.156E-02 1.470E-02 4.000E-04
10 30 0.00 15.85 0.0 1 1.004E-02 7.300E-03 3.000E-04
10 31 -0.07 19.79 0.5 -1 4.918E-03 3.400E-03 8.000E-04
10 32 0.34 19.03 0.0 1 2.641E-03 3.500E-03 9.000E-04
11 25 0.36 1.75 1.5 1 2.593E+02 5.910E+01 6.000E-01
11 26 -0.14 8.44 3.0 1 2.798E+00 1.071E+00 2.000E-04
11 27 0.01 9.48 2.5 1 1.420E+00 3.010E-01 6.000E-03
11 28 0.08 13.48 1.0 1 2.440E-01 3.050E-02 4.000E-04
11 29 0.01 13.31 2.5 1 1.306E-01 4.410E-02 9.000E-04
11 30 0.05 18.00 0.0 1 5.599E-02 4.840E-02 1.700E-03
11 31 0.00 17.48 2.5 1 3.715E-02 1.700E-02 4.000E-04
11 32 -0.06 20.75 2.0 -1 1.058E-02 1.290E-02 3.000E-04
11 33 0.41 18.61 1.5 1 4.309E-03 8.200E-03 4.000E-04
11 34 0.38 22.75 3.0 -1 1.079E-03 5.500E-03 1.000E-03
11 35 0.43 21.83 1.5 1 9.658E-04 1.500E-03 5.000E-04
12 27 -0.16 1.87 0.5 1 2.256E+03 5.675E+02 7.200E-01
12 29 -0.14 6.97 1.5 1 3.796E+00 1.300E+00 1.200E-01
12 30 0.00 6.88 0.0 1 3.361E+00 3.130E-01 4.000E-03
12 31 -0.08 11.17 0.5 1 4.185E-01 2.320E-01 1.000E-03
12 32 0.00 10.38 0.0 1 3.156E-01 8.600E-02 5.000E-03
12 33 0.11 13.64 0.5 -1 1.527E-01 9.050E-02 1.600E-03
12 34 0.41 13.39 0.0 1 4.448E-02 2.000E-02 1.000E-03
12 35 0.35 18.32 1.5 -1 1.089E-02 7.000E-02 4.000E-03
12 36 0.41 18.04 0.0 1 7.166E-03 3.900E-03 1.300E-03
13 28 0.21 2.37 3.0 1 3.897E+02 1.345E+02 7.200E-02
13 29 0.21 2.07 2.5 1 2.657E+02 3.936E+02 3.600E+00
13 30 0.19 6.36 2.0 1 7.012E+00 3.620E+00 6.000E-02
13 31 0.15 7.03 2.5 1 2.780E+00 6.440E-01 2.000E-03
13 32 0.11 11.88 1.0 1 3.835E-01 3.300E-02 2.000E-04
13 33 0.04 11.69 2.5 1 1.932E-01 4.170E-02 2.000E-04
13 34 0.14 14.53 3.0 -1 4.737E-02 5.630E-02 5.000E-04
13 35 0.24 13.08 2.5 1 1.916E-02 3.720E-02 8.000E-04
13 36 0.31 17.48 4.0 -1 1.207E-02 9.000E-02 4.000E-03
13 37 0.34 16.63 2.5 1 8.733E-03 1.070E-02 1.300E-03
13 38 0.33 20.50 5.0 -1 3.888E-03 7.600E-03 6.000E-04
13 39 0.33 20.00 2.5 1 8.605E-03 7.600E-03 1.600E-03
14 33 -0.08 6.12 1.5 1 2.057E+01 6.180E+00 1.800E-01
14 34 0.00 5.84 0.0 1 2.092E+01 2.770E+00 2.000E-01
14 35 -0.08 9.39 3.5 -1 6.865E-01 7.800E-01 1.000E-03
14 36 0.03 7.76 0.0 1 2.566E+00 4.500E-01 6.000E-03
14 37 0.27 12.31 1.5 -1 1.506E-01 9.000E-02 6.000E-03
14 40 0.30 15.00 0.0 1 7.542E-02 3.300E-02 1.000E-03
14 41 -0.29 18.51 0.5 -1 1.339E-02 2.000E-02 2.500E-03
14 42 -0.32 17.07 0.0 1 3.477E-03 1.250E-02 3.500E-03
15 34 -0.07 4.84 0.0 1 1.307E+03 1.243E+01 1.000E-01
15 35 0.00 4.74 0.5 1 1.493E+02 4.730E+01 8.000E-01
15 36 -0.07 8.90 4.0 -1 9.293E+00 5.600E+00 3.000E-01
15 37 0.13 7.25 0.5 1 5.858E+00 2.310E+00 1.300E-01
15 38 0.22 11.57 2.0 -1 2.513E-01 6.400E-01 1.000E-03
15 39 0.23 9.98 0.5 1 5.899E-01 2.820E-01 2.000E-03
15 40 0.28 14.13 3.0 -1 1.131E-01 1.500E-01 8.000E-03
15 41 0.27 14.32 0.5 1 1.005E-01 1.000E-01 5.000E-03
15 42 0.29 18.05 1.0 -1 2.037E-02 4.850E-02 1.500E-03
15 43 -0.27 17.62 0.5 1 3.486E-02 3.580E-02 1.300E-03
15 44 0.15 20.89 1.0 -1 3.019E-02 1.850E-02 2.500E-03
16 37 -0.07 3.29 3.5 -1 1.484E+02 3.030E+02 1.200E+00
16 39 0.21 6.46 1.5 -1 7.163E+00 1.150E+01 5.000E-01
16 40 0.24 4.97 0.0 1 2.571E+01 8.800E+00 2.200E+00
16 41 0.28 8.86 2.5 -1 1.916E+00 1.990E+00 5.000E-02
16 42 0.29 9.05 0.0 1 2.707E+00 1.013E+00 1.500E-02
16 43 0.31 12.34 0.5 -1 1.959E-01 2.650E-01 1.000E-03
16 44 -0.24 12.08 0.0 1 6.153E-02 1.000E-01 1.000E-03
16 45 -0.20 15.06 1.5 -1 1.008E-01 6.800E-02 2.000E-03
16 46 -0.17 15.59 0.0 1 6.382E-02 5.000E-02 8.000E-03
17 40 0.19 7.23 1.0 -1 1.372E+01 8.100E+01 1.200E+00
17 41 0.20 5.59 0.5 1 1.404E+01 3.840E+01 8.000E-01
17 42 0.24 9.60 2.0 -1 2.401E+00 6.800E+00 3.000E-01
17 43 0.21 8.76 0.5 1 3.095E+00 3.130E+00 9.000E-02
17 44 0.17 12.78 3.0 -1 4.218E-01 5.600E-01 1.000E-03
17 45 -0.21 12.42 0.5 1 1.492E-01 4.130E-01 2.000E-03
17 46 -0.18 15.99 1.0 -1 7.417E-02 2.320E-01 2.000E-03
17 47 -0.17 16.18 1.5 1 5.698E-02 1.010E-01 5.000E-03
18 43 0.06 5.12 2.5 -1 4.696E+01 3.222E+02 3.600E+00
18 44 0.07 3.48 0.0 1 2.531E+02 7.122E+02 3.000E+00
18 45 0.12 7.46 3.5 -1 7.880E+00 2.148E+01 1.500E-01
18 46 0.00 6.56 0.0 1 9.249E+00 8.400E+00 6.000E-01
18 47 -0.14 10.57 1.5 -1 5.906E-01 1.230E+00 3.000E-02
18 49 -0.15 14.30 0.5 -1 2.038E-01 1.700E-01 5.000E-03
18 50 0.00 13.80 0.0 1 1.275E-01 8.500E-02 3.000E-03
19 46 -0.10 7.89 0.0 -1 4.579E+01 1.050E+02 1.000E+00
19 47 -0.08 6.46 0.5 1 4.600E+00 1.750E+01 2.400E-01
19 48 -0.10 10.87 1.0 -1 7.073E-01 6.800E+00 2.000E-01
19 49 -0.09 10.70 1.5 1 3.397E-01 1.260E+00 5.000E-02
19 50 0.06 14.38 0.0 -1 2.207E-01 4.720E-01 4.000E-03
19 51 -0.06 14.12 0.5 1 1.506E-01 3.650E-01 5.000E-03
19 52 -0.06 17.43 1.0 -1 7.324E-02 1.100E-01 4.000E-03
19 53 -0.08 16.42 0.5 1 2.346E-02 3.000E-02 5.000E-03
19 54 -0.09 20.00 3.0 -1 7.016E-03 1.000E-02 5.000E-03
20 49 0.03 6.29 1.5 -1 1.778E+01 5.231E+02 3.600E-01
20 50 0.00 5.97 0.0 1 1.134E+01 1.390E+01 6.000E-01
20 51 -0.02 9.75 1.5 -1 3.868E+00 1.000E+01 8.000E-01
20 52 0.00 8.41 0.0 1 3.493E+00 4.600E+00 3.000E-01
20 53 0.00 11.33 0.5 -1 6.069E-01 4.610E-01 9.000E-03
20 54 0.00 9.97 0.0 1 4.360E-01 9.000E-02 6.000E-03
20 55 0.00 13.56 2.5 -1 8.423E-02 2.200E-02 2.000E-03
20 56 0.00 11.78 0.0 1 3.832E-02 1.100E-02 2.000E-03
21 50 -0.07 7.28 5.0 1 2.465E+02 1.025E+02 5.000E-01
21 51 -0.07 7.02 3.5 -1 2.269E+01 1.240E+01 1.000E-01
21 52 -0.07 10.77 4.0 1 1.103E+01 8.200E+00 2.000E-01
21 53 -0.06 10.45 3.5 -1 4.974E+00 2.400E+00 6.000E-01
21 54 -0.06 13.77 3.0 1 1.050E+00 5.260E-01 1.000E-03
21 55 -0.07 12.19 3.5 -1 4.752E-01 9.600E-02 2.000E-03
21 57 -0.06 14.26 3.5 -1 1.242E-01 2.200E-02 2.000E-03
21 58 -0.05 18.28 2.0 1 5.950E-02 1.200E-02 5.000E-03
22 51 0.07 2.33 0.5 -1 1.191E+03 3.456E+02 6.000E-01
22 52 0.00 2.15 0.0 1 2.259E+03 1.020E+02 6.000E+00
22 53 -0.04 5.34 1.5 -1 2.646E+01 3.270E+01 9.000E-01
22 54 0.00 4.90 0.0 1 2.651E+01 1.500E+00 4.000E-01
22 55 -0.00 8.42 0.5 -1 2.403E+00 1.300E+00 1.000E-01
22 56 0.00 6.88 0.0 1 1.727E+00 2.000E-01 5.000E-03
22 57 0.01 10.54 2.5 -1 1.887E-01 9.500E-02 8.000E-03
22 58 0.00 8.66 0.0 1 9.319E-02 5.500E-02 6.000E-03
22 59 -0.03 12.89 2.5 -1 2.808E-02 2.850E-02 1.900E-03
22 60 0.00 11.01 0.0 1 1.796E-02 2.220E-02 1.600E-03
22 61 -0.04 15.07 2.5 -1 9.523E-03 1.500E-02 4.000E-03
23 52 0.09 3.45 2.0 1 1.214E+03 2.246E+02 3.000E-01
23 53 0.18 3.35 1.5 -1 2.043E+02 9.258E+01 8.400E-01
23 54 0.13 6.53 3.0 1 1.129E+01 4.980E+01 5.000E-01
23 55 0.08 6.01 1.5 -1 8.683E+00 6.540E+00 1.500E-01
23 56 0.13 9.46 1.0 1 2.050E+00 2.160E-01 4.000E-03
23 57 0.14 8.15 1.5 -1 1.009E+00 3.500E-01 1.000E-03
23 58 0.14 11.87 0.0 1 3.054E-01 1.910E-01 1.000E-03
23 59 -0.04 10.12 3.5 -1 1.831E-01 9.500E-02 6.000E-03
23 61 -0.02 12.08 3.5 -1 3.867E-02 4.700E-02 1.200E-03
23 62 -0.05 16.16 1.0 1 1.593E-02 3.360E-02 2.300E-03
23 63 0.01 14.08 3.5 -1 7.247E-03 1.830E-02 1.900E-03
23 64 -0.04 19.18 8.0 -1 8.373E-03 1.900E-02 8.000E-03
24 55 0.23 2.49 0.5 -1 8.803E+02 2.098E+02 1.800E-01
24 56 0.19 2.08 0.0 1 3.534E+03 3.564E+02 6.000E+00
24 57 0.20 5.42 1.5 -1 2.122E+01 2.110E+01 1.000E+00
24 58 0.17 4.25 0.0 1 2.848E+01 7.000E+00 3.000E-01
24 59 -0.12 7.45 2.5 -1 1.744E+00 1.050E+00 9.000E-03
24 60 0.10 5.90 0.0 1 1.759E+00 4.900E-01 1.000E-03
24 61 -0.03 9.44 2.5 -1 4.443E-01 2.430E-01 9.000E-03
24 62 0.00 7.16 0.0 1 1.385E-01 2.060E-01 1.000E-03
24 63 -0.05 10.99 0.5 -1 1.091E-01 1.290E-01 2.000E-03
24 64 0.00 8.91 0.0 1 7.167E-02 4.300E-02 1.000E-03
24 65 -0.04 14.11 4.5 1 4.552E-02 2.750E-02 2.100E-03
24 66 0.00 11.33 0.0 1 4.096E-02 2.380E-02 1.800E-03
25 57 0.23 1.72 2.5 -1 6.379E+02 8.540E+01 1.800E+00
25 58 0.23 5.07 1.0 1 1.870E+01 3.000E+00 1.000E-01
25 59 0.22 4.19 2.5 -1 1.840E+01 4.590E+00 5.000E-02
25 60 0.21 7.52 1.0 1 3.827E+00 2.800E-01 2.000E-03
25 61 0.21 6.34 2.5 -1 2.553E+00 6.700E-01 4.000E-03
25 63 0.03 8.38 3.5 -1 7.586E-01 2.750E-01 4.000E-03
25 64 -0.06 12.22 1.0 1 2.355E-01 8.880E-02 2.400E-03
25 65 0.02 10.21 3.5 -1 2.250E-01 9.200E-02 1.000E-03
25 66 -0.05 15.24 8.0 -1 1.439E-01 6.420E-02 8.000E-04
25 67 -0.02 12.59 3.5 -1 1.445E-01 4.670E-02 2.300E-03
25 68 0.06 15.62 8.0 -1 2.928E-02 2.840E-02 2.700E-03
25 69 0.21 13.22 2.5 -1 4.043E-03 1.600E-02 2.800E-03
26 61 -0.15 3.94 0.5 -1 4.798E+01 3.588E+02 3.600E+00
26 62 0.13 2.52 0.0 1 3.665E+02 6.800E+01 2.000E+00
26 63 -0.04 6.28 2.5 -1 6.115E+00 6.100E+00 6.000E-01
26 64 0.00 4.12 0.0 1 9.846E+00 2.000E+00 2.000E-01
26 65 -0.05 7.74 2.5 -1 1.075E+00 8.100E-01 5.000E-03
26 66 0.00 5.63 0.0 1 1.641E+00 3.510E-01 6.000E-03
26 67 -0.04 10.37 4.5 1 3.831E-01 3.940E-01 9.000E-03
26 68 0.00 7.86 0.0 1 4.724E-01 1.880E-01 4.000E-03
26 69 0.05 11.38 4.5 1 2.430E-01 1.100E-01 5.000E-03
26 70 0.12 9.43 0.0 1 5.574E-02 7.700E-02 9.000E-03
26 71 0.18 13.23 2.5 1 2.310E-02 2.800E-02 5.000E-03
27 62 0.16 3.83 2.0 1 3.843E+01 9.240E+01 6.000E+00
27 63 0.12 2.49 3.5 -1 9.603E+01 2.690E+01 4.000E-01
27 64 0.10 6.47 3.0 1 2.377E+01 3.000E-01 3.000E-03
27 65 0.08 4.75 3.5 -1 7.478E+00 1.160E+00 3.000E-02
27 66 -0.07 8.65 0.0 1 2.612E+00 1.940E-01 1.000E-03
27 67 0.05 6.74 3.5 -1 8.838E-01 3.290E-01 2.000E-03
27 69 -0.04 8.75 3.5 -1 2.844E-01 2.270E-01 1.000E-03
27 71 0.10 10.05 3.5 -1 1.258E-01 8.000E-02 3.000E-03
27 72 0.10 13.89 6.0 -1 6.458E-02 5.990E-02 1.700E-03
27 73 0.12 11.83 3.5 -1 5.987E-02 4.100E-02 3.000E-03
27 74 0.08 15.54 7.0 -1 2.046E-02 3.000E-02 3.000E-03
28 67 -0.04 4.08 0.5 -1 7.024E+01 2.100E+01 1.000E+00
28 68 0.00 2.13 0.0 1 1.234E+02 2.900E+01 2.000E+00
28 69 -0.04 6.54 4.5 1 5.005E+00 1.150E+01 3.000E-01
28 70 0.00 3.99 0.0 1 1.282E+01 6.000E+00 3.000E-01
28 71 -0.02 7.45 4.5 1 1.287E+00 2.560E+00 3.000E-02
28 72 0.00 5.48 0.0 1 1.890E+00 1.570E+00 5.000E-02
28 73 -0.00 9.45 4.5 1 3.929E-01 8.400E-01 3.000E-03
28 74 0.00 7.18 0.0 1 3.415E-01 6.800E-01 1.000E-03
28 75 0.03 11.07 4.5 1 1.738E-01 3.410E-01 2.000E-03
28 76 0.00 9.09 0.0 1 1.085E-01 2.360E-01 1.000E-03
28 77 0.05 12.63 4.5 1 1.665E-01 1.240E-01 3.000E-03
28 78 0.00 11.11 0.0 1 5.568E-02 1.400E-01 8.000E-03
29 66 -0.13 2.37 0.0 1 9.777E+06 3.072E+02 8.400E-01
29 68 -0.07 4.51 1.0 1 3.502E+03 3.090E+01 6.000E-01
29 69 -0.03 2.96 1.5 -1 8.823E+02 1.710E+02 9.000E+00
29 70 0.06 7.31 1.0 -1 1.190E+02 4.450E+01 2.000E-01
29 71 0.06 5.00 0.5 -1 2.439E+01 1.940E+01 1.400E+00
29 72 0.08 8.39 2.0 -1 4.848E+00 6.630E+00 3.000E-02
29 73 0.12 6.24 0.5 -1 2.202E+00 4.200E+00 3.000E-01
29 74 0.15 10.33 3.0 -1 4.810E-01 1.630E+00 5.000E-02
29 75 0.13 8.37 0.5 -1 7.979E-01 1.224E+00 2.800E-03
29 77 0.10 10.44 0.5 -1 3.234E-01 4.679E-01 2.100E-03
29 78 0.10 13.18 4.0 -1 4.031E-01 3.350E-01 1.000E-03
29 79 0.05 12.48 2.5 -1 1.790E-01 2.200E-01 1.000E-03
30 71 -0.05 2.81 4.5 1 3.342E+02 1.470E+02 6.000E+00
30 73 0.06 3.99 1.5 1 5.444E+01 2.350E+01 1.000E+00
30 74 0.14 2.77 0.0 1 3.068E+02 9.560E+01 1.200E+00
30 75 0.18 6.25 2.5 1 3.833E+00 1.020E+01 2.000E-01
30 76 0.17 4.95 0.0 1 1.987E+01 5.700E+00 3.000E-01
30 77 0.17 7.46 3.5 1 1.376E+00 2.080E+00 5.000E-02
30 78 0.10 6.40 0.0 1 2.076E+00 1.470E+00 1.500E-01
30 79 0.09 8.77 4.5 1 6.415E-01 9.950E-01 1.000E-03
30 80 0.00 7.88 0.0 1 5.405E-01 5.500E-01 1.000E-03
30 81 0.09 11.05 0.5 1 1.566E-01 3.040E-01 1.000E-03
30 82 0.14 10.80 0.0 1 1.307E-01 2.280E-01 1.000E-03
30 83 0.15 13.42 1.5 1 6.289E-02 1.270E-01 2.000E-03
31 74 0.07 4.74 2.0 -1 9.181E+01 4.872E+02 7.200E+00
31 75 0.18 2.68 0.5 -1 7.426E+01 1.260E+02 2.000E+00
31 76 0.19 6.16 3.0 -1 5.396E+00 3.260E+01 6.000E-01
31 77 0.18 5.16 0.5 -1 7.674E+00 1.320E+01 2.000E-01
31 78 0.18 8.19 4.0 -1 1.620E+00 5.090E+00 5.000E-02
31 79 0.14 7.82 0.5 -1 1.962E+00 2.847E+00 3.000E-03
31 80 0.09 10.12 6.0 -1 1.054E+00 2.030E+00 9.000E-02
31 81 0.03 9.54 1.5 -1 6.282E-01 1.217E+00 5.000E-03
31 82 0.09 12.60 4.0 -1 2.266E-01 5.990E-01 2.000E-03
31 83 0.17 11.92 1.5 -1 1.098E-01 3.081E-01 1.000E-03
31 84 0.17 14.35 2.0 -1 6.728E-02 8.500E-02 1.000E-03
31 85 0.20 14.29 1.5 -1 4.767E-02 9.300E-02 7.000E-03
32 79 0.17 3.94 3.5 1 3.113E+01 1.898E+01 3.000E-02
32 80 0.14 3.71 0.0 1 1.815E+02 2.950E+01 4.000E-01
32 81 0.10 6.14 4.5 1 4.949E+00 8.000E+00 2.000E+00
32 82 0.00 5.31 0.0 1 8.335E+00 4.560E+00 2.600E-01
32 83 0.10 8.07 0.5 1 6.488E-01 1.850E+00 6.000E-02
32 84 0.15 7.60 0.0 1 7.060E-01 9.540E-01 1.000E-03
32 85 0.16 10.28 1.5 1 2.306E-01 5.400E-01 5.000E-03
32 86 0.19 10.05 0.0 1 1.428E-01 2.190E-01 4.000E-03
33 79 0.17 2.45 2.5 -1 6.270E+02 5.406E+02 9.000E+00
33 80 0.18 5.18 3.0 -1 3.351E+01 1.520E+01 2.000E-01
33 81 0.15 4.90 1.5 -1 5.187E+01 3.330E+01 8.000E-01
33 83 0.00 7.03 2.5 -1 7.033E+00 1.340E+01 3.000E-01
33 85 0.15 9.21 0.5 -1 4.480E-01 2.021E+00 1.000E-02
33 86 0.17 11.87 0.0 -1 1.884E-01 9.450E-01 8.000E-03
33 87 0.20 11.34 0.5 -1 1.247E-01 6.100E-01 1.000E-03
33 88 0.21 13.59 1.0 -1 3.419E-02 2.700E-01 1.000E-03
34 84 0.00 2.50 0.0 1 8.618E+02 1.956E+02 6.000E+00
34 85 0.08 5.46 0.5 1 4.735E+00 3.170E+01 9.000E-01
34 86 0.12 4.80 0.0 1 4.479E+00 1.430E+01 3.000E-01
34 87 0.15 7.65 2.5 1 1.120E+00 5.500E+00 1.200E-01
34 88 0.18 7.08 0.0 1 6.587E-01 1.530E+00 6.000E-02
34 89 0.20 9.74 0.5 1 7.741E-02 4.100E-01 4.000E-03
34 90 0.22 7.37 0.0 1 6.597E-02 2.100E-01 8.000E-03
34 91 0.23 10.25 1.5 1 2.442E-02 2.700E-01 5.000E-03
35 85 0.01 4.24 2.5 -1 1.981E+02 1.740E+02 3.600E+00
35 86 0.08 7.45 2.0 -1 1.335E+01 5.510E+01 4.000E-01
35 87 0.11 6.68 2.5 -1 2.563E+00 5.565E+01 1.300E-01
35 88 0.14 9.23 0.0 -1 1.049E+00 1.629E+01 6.000E-02
35 89 0.16 8.53 1.5 -1 7.660E-01 4.400E+00 3.000E-02
35 90 0.18 12.15 2.0 -1 1.107E-01 1.910E+00 1.000E-02
35 91 0.20 11.17 2.5 -1 1.148E-01 5.410E-01 5.000E-03
35 92 -0.26 11.95 3.0 1 5.419E-02 3.430E-01 1.000E-03
35 93 -0.27 9.99 4.5 1 3.136E-02 1.020E-01 1.000E-03
35 94 -0.28 12.52 10.0 -1 9.314E-03 7.000E-02 2.000E-03
36 89 0.12 5.00 1.5 1 7.980E+00 1.890E+02 2.400E+00
36 90 0.14 4.21 0.0 1 8.918E+00 3.232E+01 9.000E-02
36 91 0.18 6.27 0.5 1 5.366E-01 8.570E+00 4.000E-02
36 92 0.20 7.23 0.0 1 3.970E-01 1.840E+00 8.000E-03
36 93 0.22 7.99 0.5 1 5.291E-02 1.286E+00 1.000E-02
36 94 -0.24 6.34 0.0 1 1.799E-01 2.120E-01 5.000E-03
36 95 -0.28 9.46 5.5 -1 6.771E-02 1.140E-01 3.000E-03
36 96 -0.29 8.38 0.0 1 6.698E-02 8.000E-02 8.000E-03
36 97 -0.28 11.54 1.5 1 1.553E-02 6.220E-02 3.200E-03
36 98 -0.28 10.50 0.0 1 1.147E-02 4.280E-02 3.600E-03
36 99 0.42 13.28 2.5 -1 2.726E-02 4.000E-02 1.000E-03
36 100 0.40 11.81 0.0 1 2.569E-02 1.200E-02 8.000E-03
37 89 0.08 4.43 2.5 -1 3.987E+01 9.090E+02 7.200E+00
37 90 0.11 7.08 4.0 -1 1.494E+01 1.580E+02 5.000E+00
37 91 0.13 5.97 2.5 -1 5.369E+00 5.840E+01 4.000E-01
37 92 0.18 8.01 1.0 -1 1.498E+00 4.492E+00 2.000E-02
37 93 -0.17 7.31 0.5 -1 3.569E-01 5.840E+00 2.000E-02
37 94 -0.21 9.70 2.0 -1 2.293E-01 2.702E+00 5.000E-03
37 95 -0.22 7.50 4.5 1 1.226E-01 3.777E-01 8.000E-04
37 97 0.41 8.94 1.5 1 7.507E-02 1.691E-01 6.000E-04
37 98 0.42 11.62 3.0 1 4.196E-02 1.140E-01 5.000E-03
37 99 0.41 10.79 1.5 1 3.190E-02 5.400E-02 4.000E-03
37 100 0.42 13.46 4.0 -1 2.208E-02 4.800E-02 3.000E-03
37 101 0.41 12.07 1.5 1 2.055E-02 3.180E-02 3.300E-03
37 102 0.41 14.69 2.0 1 1.554E-02 3.700E-02 1.000E-02
37 103 0.40 13.49 1.5 1 9.371E-03 2.300E-02 1.300E-02
38 93 0.06 6.24 2.5 1 3.995E+01 4.458E+02 1.800E+00
38 94 -0.14 3.96 0.0 1 6.985E+00 7.530E+01 2.000E-01
38 95 -0.18 6.59 1.5 1 2.384E+00 2.390E+01 1.400E-01
38 96 -0.18 4.69 0.0 1 9.826E-01 1.070E+00 1.000E-02
38 97 0.47 8.41 4.5 1 1.234E-01 4.290E-01 5.000E-03
38 98 0.44 6.26 0.0 1 4.366E-01 6.530E-01 2.000E-03
38 99 0.43 8.78 1.5 1 1.653E-01 2.690E-01 1.000E-03
38 100 0.43 7.59 0.0 1 1.521E-01 2.020E-01 3.000E-03
38 101 0.43 10.35 2.5 -1 6.539E-02 1.138E-01 1.700E-03
38 102 0.43 9.12 0.0 1 6.821E-02 6.900E-02 6.000E-03
38 103 0.43 11.68 0.5 1 4.184E-02 5.300E-02 1.000E-02
38 104 0.42 10.43 0.0 1 3.948E-02 5.300E-02 5.000E-03
38 105 0.42 13.10 2.5 1 1.511E-02 3.900E-02 5.000E-03
38 106 0.42 11.50 0.0 1 1.431E-02 2.000E-02 8.000E-03
39 95 -0.15 4.85 4.5 1 7.029E+00 6.180E+02 6.000E+00
39 96 -0.17 7.34 3.0 1 4.648E+00 5.340E+00 5.000E-02
39 97 0.48 4.45 2.5 1 1.689E+00 3.750E+00 3.000E-02
39 98 0.47 7.78 7.0 1 1.098E+00 5.480E-01 2.000E-03
39 99 0.46 6.17 2.5 1 1.159E+00 1.484E+00 7.000E-03
39 100 0.44 8.71 4.0 -1 5.832E-01 7.350E-01 7.000E-03
39 101 0.44 7.69 2.5 1 4.222E-01 4.260E-01 2.000E-03
39 103 0.44 9.05 2.5 1 1.680E-01 2.390E-01 1.000E-03
39 104 0.43 11.61 3.0 1 8.499E-02 1.980E-01 2.000E-02
39 105 0.43 10.34 2.5 1 8.208E-02 1.070E-01 9.000E-03
39 106 0.42 12.99 5.0 1 3.065E-02 8.200E-02 1.000E-02
39 107 0.43 11.34 2.5 1 1.626E-02 3.350E-02 3.000E-03
39 108 0.44 14.29 6.0 -1 6.869E-03 3.000E-02 5.000E-03
39 109 0.44 13.45 2.5 1 1.193E-02 2.500E-02 5.000E-03
40 98 -0.19 2.24 0.0 1 1.695E+02 3.070E+01 4.000E-01
40 99 0.38 4.98 1.5 -1 1.127E+01 2.100E+00 1.000E-01
40 100 -0.21 4.13 0.0 1 5.492E+00 7.100E+00 4.000E-01
40 101 0.41 6.10 1.5 1 7.630E-01 2.300E+00 1.000E-01
40 102 0.41 4.93 0.0 1 4.034E+00 2.900E+00 2.000E-01
40 103 0.42 7.45 2.5 -1 3.468E-01 1.380E+00 7.000E-02
40 104 0.41 6.55 0.0 1 1.109E+00 9.200E-01 2.000E-03
40 105 0.41 9.04 3.5 1 1.435E-01 6.700E-01 2.000E-03
40 106 -0.22 7.67 0.0 1 9.718E-02 1.750E-01 7.000E-03
40 107 0.40 10.79 2.5 1 4.946E-02 1.500E-01 3.000E-03
40 108 -0.22 8.86 0.0 1 8.458E-02 7.850E-01 2.000E-03
40 109 0.38 11.98 3.5 -1 1.544E-02 5.600E-02 3.000E-03
40 110 -0.20 10.26 0.0 1 4.583E-02 3.750E-02 2.000E-02
40 111 0.46 14.02 0.5 -1 1.539E-02 2.400E-02 5.000E-03
40 112 0.00 11.68 0.0 1 9.898E-03 3.000E-02 1.000E-02
41 98 -0.20 5.34 5.0 1 1.192E+02 2.860E+00 6.000E-02
41 99 -0.20 3.83 3.5 1 3.359E+01 1.500E+01 2.000E-01
41 100 0.33 5.80 1.0 1 1.726E+01 1.500E+00 2.000E-01
41 101 -0.21 4.72 3.5 1 5.193E+00 7.100E+00 3.000E-01
41 102 0.39 7.22 0.0 -1 3.340E+00 4.300E+00 4.000E-01
41 103 -0.21 5.90 3.5 1 1.643E-01 1.500E+00 2.000E-01
41 105 -0.22 7.81 3.5 1 6.022E-02 2.950E+00 6.000E-02
41 106 -0.22 10.19 1.0 1 9.174E-02 1.050E+00 1.000E-03
41 107 -0.22 8.29 3.5 1 5.350E-02 1.950E-01 6.000E-03
41 108 -0.22 11.35 1.0 -1 3.293E-02 2.100E-01 5.000E-03
41 109 -0.22 9.43 3.5 1 3.102E-02 1.100E-01 6.000E-03
41 110 -0.23 12.65 1.0 -1 2.192E-02 8.200E-02 2.000E-03
41 111 -0.21 10.90 3.5 1 2.016E-02 5.400E-02 2.000E-03
41 112 -0.20 13.89 3.0 1 1.484E-02 3.800E-02 2.000E-03
41 113 -0.19 11.95 3.5 1 1.198E-02 3.200E-02 4.000E-03
41 114 -0.19 15.40 2.0 1 9.649E-03 1.700E-02 5.000E-03
41 115 -0.17 13.34 3.5 1 8.383E-03 2.300E-02 8.000E-03
42 101 0.29 2.79 1.5 1 1.943E+02 8.766E+02 1.800E+00
42 102 -0.21 1.19 0.0 1 2.625E+03 6.780E+02 1.200E+01
42 103 0.38 3.93 1.5 1 5.201E+01 6.750E+01 1.500E+00
42 104 -0.22 2.23 0.0 1 1.228E+02 6.000E+01 2.000E+00
42 105 0.38 4.93 2.5 -1 9.278E+00 3.560E+01 1.600E+00
42 106 -0.22 3.87 0.0 1 6.147E+00 8.730E+00 1.200E-01
42 107 -0.23 7.12 0.5 1 1.093E+00 3.500E+00 5.000E-01
42 108 -0.23 5.25 0.0 1 8.391E-01 1.105E+00 1.000E-02
42 109 -0.23 8.32 4.5 -1 2.777E-01 7.000E-01 5.000E-02
42 110 -0.23 6.38 0.0 1 1.030E-01 2.920E-01 7.000E-03
42 111 -0.23 9.56 3.5 -1 4.423E-02 1.960E-01 5.000E-03
42 112 -0.21 7.96 0.0 1 1.126E-01 1.250E-01 5.000E-03
42 113 -0.20 10.89 0.5 1 6.375E-02 8.000E-02 2.000E-03
42 114 -0.19 8.78 0.0 1 5.763E-02 5.800E-02 2.000E-03
42 115 -0.18 12.16 1.5 1 2.797E-02 4.550E-02 2.000E-02
42 116 0.00 9.47 0.0 1 2.514E-02 3.200E-02 4.000E-03
42 117 0.00 12.75 5.5 -1 2.171E-02 2.200E-02 5.000E-03
42 118 0.00 10.28 0.0 1 1.524E-02 1.900E-02 7.000E-03
43 101 0.23 1.60 2.5 1 3.771E+03 8.532E+02 6.000E-01
43 103 -0.22 2.70 2.5 1 1.634E+02 5.420E+01 8.000E-01
43 105 -0.23 3.41 2.5 1 1.884E+01 4.560E+02 6.000E+00
43 106 -0.22 6.72 0.0 1 5.596E+00 3.560E+01 6.000E-01
43 107 -0.23 5.20 2.5 1 1.223E+00 2.120E+01 2.000E-01
43 108 -0.23 7.96 2.0 1 5.646E-01 5.170E+00 7.000E-02
43 109 -0.23 5.99 4.5 1 2.981E-01 1.140E+00 3.000E-02
43 110 -0.23 9.00 2.0 -1 1.414E+00 9.000E-01 1.000E-03
43 111 -0.23 6.98 2.5 1 3.762E-01 3.500E-01 1.000E-03
43 112 -0.23 10.05 1.0 -1 4.079E-02 3.230E-01 6.000E-03
43 113 -0.22 8.49 2.5 1 5.314E-02 1.520E-01 8.000E-03
43 114 -0.21 11.58 0.0 -1 4.026E-02 1.200E-01 1.000E-02
43 115 -0.20 9.50 2.5 1 3.702E-02 7.800E-02 2.000E-03
43 116 -0.20 12.96 2.0 1 2.316E-02 5.700E-02 3.000E-03
43 117 -0.02 10.70 4.5 1 4.181E-02 4.450E-02 3.000E-02
43 118 -0.01 14.42 1.0 -1 3.987E-02 3.000E-02 4.000E-03
43 119 -0.02 11.93 4.5 1 2.685E-02 2.200E-02 3.000E-03
43 120 0.02 15.54 1.0 -1 2.476E-02 2.100E-02 5.000E-03
43 121 -0.02 13.34 4.5 1 1.736E-02 2.200E-02 6.000E-03
44 107 0.29 3.08 2.5 1 1.389E+02 2.250E+02 3.000E+00
44 108 -0.22 1.59 0.0 1 9.443E+02 2.730E+02 3.000E+00
44 109 -0.23 5.05 0.5 1 1.414E+01 3.450E+01 1.000E+00
44 110 -0.23 2.64 0.0 1 3.149E+01 1.204E+01 1.700E-01
44 111 -0.23 5.87 4.5 -1 2.319E+00 2.120E+00 7.000E-02
44 112 -0.23 3.82 0.0 1 3.113E+00 1.750E+00 7.000E-02
44 113 -0.23 6.90 3.5 -1 4.621E-01 8.000E-01 5.000E-03
44 114 -0.22 5.33 0.0 1 8.953E-01 5.400E-01 3.000E-03
44 115 -0.20 8.50 0.5 1 3.395E-01 3.220E-01 1.000E-03
44 116 0.00 7.21 0.0 1 3.943E-01 2.040E-01 6.000E-03
44 117 0.02 9.44 5.5 -1 1.762E-01 1.510E-01 3.000E-03
44 118 0.00 6.85 0.0 1 2.201E-01 9.900E-02 3.000E-03
44 119 0.00 10.69 5.5 -1 1.085E-01 6.950E-02 2.000E-02
44 120 0.00 8.11 0.0 1 1.062E-01 4.500E-02 2.000E-03
44 121 0.01 11.68 5.5 -1 7.007E-02 2.900E-02 2.000E-03
44 122 0.00 9.38 0.0 1 5.419E-02 2.500E-02 1.000E-03
44 123 0.03 12.49 5.5 -1 4.191E-02 1.900E-02 2.000E-03
44 124 0.00 10.46 0.0 1 3.300E-02 1.500E-02 3.000E-03
45 106 0.24 3.50 1.0 1 1.845E+03 3.007E+01 3.500E-01
45 108 0.26 4.39 2.0 -1 2.545E+02 1.680E+01 5.000E-01
45 109 0.26 2.29 0.5 -1 2.194E+02 8.000E+01 2.000E+00
45 111 -0.23 4.11 1.5 1 1.152E+01 1.100E+01 1.000E+00
45 112 -0.23 7.28 3.0 -1 3.416E+00 3.400E+00 4.000E-01
45 113 -0.23 5.65 1.5 1 2.395E+00 2.800E+00 1.200E-01
45 115 -0.22 5.78 1.5 1 8.643E-01 9.900E-01 5.000E-03
45 117 0.05 7.64 4.5 1 6.275E-01 4.210E-01 3.000E-03
45 118 0.01 11.08 1.0 -1 3.294E-01 2.850E-01 1.000E-02
45 119 0.03 8.33 4.5 1 3.238E-01 1.900E-01 6.000E-03
45 120 0.00 12.19 1.0 -1 1.843E-01 1.310E-01 5.000E-03
45 121 0.02 9.63 4.5 1 1.440E-01 7.600E-02 5.000E-03
45 122 0.02 13.32 1.0 -1 9.648E-02 5.100E-02 6.000E-03
45 123 0.00 11.03 4.5 1 7.886E-02 4.200E-02 4.000E-03
45 124 0.02 14.12 1.0 -1 6.394E-02 3.000E-02 2.000E-03
45 125 0.00 11.93 4.5 1 4.538E-02 2.650E-02 2.000E-02
45 126 0.03 14.80 1.0 -1 1.276E-01 1.900E-02 3.000E-03
45 127 0.00 12.94 4.5 1 1.820E-02 2.000E-02 1.000E-02
46 113 0.23 4.09 2.5 -1 6.802E+01 9.300E+01 5.000E+00
46 114 0.20 2.31 0.0 1 1.433E+03 1.452E+02 3.600E+00
46 115 0.21 6.14 1.5 1 1.392E+01 2.500E+01 2.000E+00
46 116 0.14 2.64 0.0 1 6.712E+01 1.180E+01 4.000E-01
46 117 0.13 7.08 0.5 -1 3.019E+00 4.300E+00 3.000E-01
46 118 0.05 4.42 0.0 1 4.661E+00 1.900E+00 1.000E-01
46 119 0.05 7.70 5.5 -1 7.841E-01 9.200E-01 8.000E-03
46 120 0.02 4.99 0.0 1 2.234E+00 4.920E-01 3.000E-03
46 121 0.04 8.61 5.5 -1 4.888E-01 2.900E-01 1.000E-03
46 122 0.01 6.03 0.0 1 7.702E-01 1.950E-01 5.000E-03
46 123 0.02 9.60 5.5 -1 2.795E-01 1.080E-01 1.000E-03
46 124 0.00 7.40 0.0 1 2.843E-01 8.800E-02 1.500E-02
46 125 -0.02 10.48 5.5 -1 1.120E-01 5.700E-02 1.000E-02
46 126 0.00 8.14 0.0 1 1.367E-01 4.860E-02 8.000E-03
46 127 0.03 11.08 5.5 -1 8.539E-01 3.800E-02 2.000E-03
46 128 0.00 9.40 0.0 1 6.070E-02 3.500E-02 3.000E-03
46 129 -0.02 14.75 3.5 -1 3.765E-02 3.100E-02 7.000E-03
47 114 0.18 5.17 3.0 1 6.421E+01 4.600E+00 1.000E-01
47 116 0.19 6.05 1.0 -1 1.182E+01 2.298E+02 4.800E+00
47 117 -0.05 3.85 1.5 1 1.246E+01 7.360E+01 1.400E+00
47 118 0.15 8.02 1.0 1 3.631E+00 3.760E+00 1.500E-01
47 120 0.04 8.50 1.0 -1 6.502E-01 1.230E+00 4.000E-02
47 124 0.03 11.06 1.0 -1 4.010E-01 1.800E-01 3.000E-03
47 125 0.03 8.81 4.5 1 3.227E-01 1.500E-01 8.000E-03
47 126 -0.02 11.97 1.0 -1 2.082E-01 9.800E-02 5.000E-03
47 127 0.02 9.60 4.5 1 1.154E-01 8.900E-02 2.000E-03
47 128 0.03 12.50 1.0 -1 5.188E-01 5.900E-02 5.000E-03
47 129 0.01 10.81 4.5 1 6.321E-02 5.200E-02 4.000E-03
47 130 0.03 16.42 8.0 -1 6.281E-02 4.200E-02 5.000E-03
47 131 0.02 15.33 4.5 1 2.529E-02 3.500E-02 8.000E-03
47 132 0.03 16.97 8.0 -1 1.759E-02 2.800E-02 1.500E-02
48 119 0.05 4.72 5.5 -1 3.456E+01 1.614E+02 1.200E+00
48 120 0.00 1.70 0.0 1 6.521E+02 5.080E+01 2.100E-01
48 121 -0.02 4.97 5.5 -1 1.010E+01 1.350E+01 3.000E-01
48 122 0.00 2.33 0.0 1 4.927E+01 5.240E+00 3.000E-02
48 123 0.00 6.09 5.5 -1 2.668E+00 2.100E+00 2.000E-02
48 124 0.00 3.54 0.0 1 7.886E+00 1.250E+00 2.000E-02
48 125 -0.01 7.26 5.5 -1 9.719E-01 6.800E-01 4.000E-03
48 126 0.00 4.88 0.0 1 1.834E+00 5.130E-01 6.000E-03
48 127 0.02 8.22 5.5 -1 4.799E-01 3.300E-01 2.000E-02
48 128 0.00 6.25 0.0 1 4.924E-01 2.450E-01 5.000E-03
48 129 0.03 9.07 5.5 -1 2.016E+00 1.545E-01 2.000E-02
48 130 0.00 7.49 0.0 1 1.272E-01 1.270E-01 2.000E-03
48 131 -0.02 12.83 3.5 -1 7.390E-02 9.800E-02 2.000E-03
48 132 0.00 11.89 0.0 1 4.119E-02 8.200E-02 4.000E-03
48 133 0.01 13.66 3.5 -1 3.729E-02 6.400E-02 8.000E-03
48 134 0.00 12.26 0.0 1 2.855E-02 6.500E-02 1.500E-02
49 119 -0.06 1.05 0.5 1 3.566E+02 1.440E+02 6.000E+00
49 121 -0.05 2.52 4.5 1 4.888E+01 2.310E+01 6.000E-01
49 123 -0.04 3.18 4.5 1 1.180E+01 6.170E+00 5.000E-02
49 125 -0.03 4.62 4.5 1 1.710E+01 2.360E+00 4.000E-02
49 127 0.04 6.21 4.5 1 2.437E+00 1.090E+00 1.000E-02
49 128 0.04 9.37 1.0 -1 1.398E+00 8.100E-01 3.000E-02
49 129 0.03 7.42 4.5 1 1.454E+00 5.700E-01 1.000E-02
49 130 0.04 10.25 1.0 -1 3.246E+00 2.840E-01 1.000E-02
49 131 0.02 8.67 4.5 1 2.046E-01 2.610E-01 3.000E-03
49 132 0.03 14.53 8.0 -1 2.975E-01 1.980E-01 2.000E-03
49 133 0.03 13.44 4.5 1 8.010E-02 1.630E-01 7.000E-03
49 134 0.04 15.34 8.0 -1 6.848E-02 1.260E-01 7.000E-03
49 135 0.04 14.06 4.5 1 4.054E-02 1.030E-01 5.000E-03
49 136 0.03 15.99 8.0 -1 6.667E-02 8.500E-02 1.000E-02
49 137 0.05 14.23 4.5 1 2.881E-02 6.500E-02 3.500E-02
50 129 0.01 3.31 5.5 -1 1.048E+01 1.338E+02 2.400E+00
50 130 0.00 0.97 0.0 1 1.005E+02 2.232E+02 4.200E+00
50 131 0.02 4.09 5.5 -1 8.556E+00 5.600E+01 5.000E-01
50 132 0.00 2.11 0.0 1 3.808E+00 3.970E+01 8.000E-01
50 133 -0.02 8.01 3.5 -1 4.218E-01 1.460E+00 3.000E-02
50 134 0.00 7.08 0.0 1 3.028E-01 8.900E-01 2.000E-02
50 135 0.01 9.14 3.5 -1 2.207E-01 5.150E-01 5.000E-03
50 136 0.00 8.28 0.0 1 1.533E-01 3.500E-01 5.000E-03
50 137 0.01 10.98 3.5 -1 1.133E-01 2.300E-01 3.000E-02
50 138 0.00 9.64 0.0 1 9.675E-02 1.400E-01 2.500E-02
50 139 0.02 12.12 3.5 -1 6.341E-02 1.300E-01 6.000E-02
51 132 0.04 6.11 2.0 -1 2.212E+09 1.674E+02 4.200E+00
51 133 -0.02 3.73 3.5 1 1.683E+01 1.404E+02 3.000E+00
51 134 0.04 9.60 1.0 -1 1.580E+01 7.800E-01 6.000E-03
51 135 0.04 8.46 3.5 1 1.301E+00 1.679E+00 1.500E-02
51 136 0.04 11.28 1.0 -1 5.735E-01 9.230E-01 1.000E-03
51 137 0.07 10.06 0.5 1 2.760E-01 4.840E-01 2.000E-03
51 138 0.06 12.55 2.0 -1 2.481E-01 3.500E-01 1.000E-03
51 139 0.10 11.11 0.5 1 1.042E-01 9.300E-02 1.000E-03
52 133 0.03 3.02 5.5 -1 9.547E+03 7.500E+02 1.800E+01
52 135 -0.03 6.26 3.5 -1 4.554E+00 1.900E+01 2.000E-01
52 136 0.00 4.14 0.0 1 2.485E+00 1.763E+01 8.000E-02
52 137 0.03 7.07 3.5 -1 9.030E-01 2.490E+00 5.000E-02
52 138 0.00 6.15 0.0 1 8.544E-01 1.400E+00 4.000E-01
53 136 0.04 7.99 1.0 -1 1.940E+01 8.340E+01 1.000E+00
53 137 0.05 5.94 3.5 1 1.874E+00 2.413E+01 1.200E-01
53 138 0.11 8.90 0.0 -1 9.103E-01 6.230E+00 3.000E-02
53 139 0.14 7.27 1.5 1 6.336E-01 2.282E+00 1.000E-02
53 140 0.16 9.47 0.0 -1 3.020E-01 8.600E-01 4.000E-03
53 141 0.16 8.21 1.5 1 2.506E-01 4.300E-01 2.000E-03
53 142 0.17 10.56 0.0 -1 1.669E-01 2.220E-01 1.000E-03
54 137 -0.03 3.98 3.5 -1 5.543E+01 2.291E+02 7.800E-01
54 138 0.00 2.11 0.0 1 4.121E+01 8.448E+02 4.800E+00
54 139 0.11 5.19 1.5 -1 3.554E+00 3.968E+01 1.400E-01
54 140 0.14 4.04 0.0 1 5.780E+00 1.360E+01 1.000E-01
54 141 0.16 6.46 1.5 -1 8.068E-01 1.730E+00 1.000E-02
54 142 0.17 5.34 0.0 1 9.005E-01 1.230E+00 2.000E-02
54 143 0.19 7.68 1.5 -1 3.058E-01 5.110E-01 6.000E-03
54 144 0.20 6.10 0.0 1 3.179E-01 3.880E-01 7.000E-03
54 145 0.20 8.81 0.5 1 1.517E-01 1.880E-01 4.000E-03
54 146 0.22 7.31 0.0 1 1.401E-01 1.460E-01 6.000E-03
54 147 0.23 9.93 1.5 1 7.864E-02 1.300E-01 8.000E-03
55 139 0.09 4.35 0.5 1 1.096E+01 5.562E+02 3.000E+00
55 140 0.12 6.84 1.0 -1 4.716E+00 6.370E+01 3.000E-01
55 141 0.15 5.28 0.5 1 2.407E+00 2.484E+01 1.600E-01
55 142 0.17 7.45 1.0 -1 7.972E-01 1.684E+00 1.400E-02
55 143 0.18 6.17 0.5 1 5.709E-01 1.791E+00 7.000E-03
55 145 0.20 6.83 0.5 1 2.095E-01 5.820E-01 6.000E-03
55 146 0.22 9.45 1.0 1 1.374E-01 3.230E-01 6.000E-03
55 147 0.23 7.93 0.5 1 1.012E-01 2.300E-01 1.000E-03
55 148 0.23 10.58 2.0 1 7.027E-02 1.460E-01 6.000E-03
56 142 0.15 1.97 0.0 1 1.227E+02 6.360E+02 1.200E+01
56 143 0.17 4.23 3.5 -1 4.549E+00 1.450E+01 3.000E-01
56 144 0.19 3.16 0.0 1 8.011E+00 1.150E+01 2.000E-01
56 145 0.20 5.20 1.5 -1 1.316E+00 4.310E+00 1.600E-01
56 146 0.21 3.66 0.0 1 1.988E+00 2.220E+00 7.000E-02
56 147 0.24 6.50 1.5 -1 6.160E-01 8.940E-01 1.000E-03
56 148 0.25 6.07 0.0 1 7.365E-01 6.120E-01 1.000E-03
56 149 0.30 7.72 1.5 -1 3.785E-01 3.440E-01 7.000E-03
56 150 0.29 6.42 0.0 1 3.012E-01 3.000E-01 0.000E+00
57 143 0.15 3.76 2.5 1 2.557E+01 8.520E+02 6.000E+00
57 144 0.17 5.95 1.0 -1 9.267E+00 4.080E+01 4.000E-01
57 145 0.19 4.78 2.5 1 6.265E+00 2.480E+01 2.000E+00
57 146 0.20 6.78 1.0 -1 2.471E+00 6.270E+00 1.000E-01
57 147 0.24 5.09 0.5 -1 1.707E+00 4.060E+00 4.000E-02
57 148 0.26 6.99 2.0 1 5.764E-01 1.260E+00 8.000E-02
57 149 0.30 6.64 0.5 -1 4.650E-01 1.050E+00 3.000E-02
57 150 0.31 9.07 2.0 -1 2.843E-01 5.100E-01 3.000E-03
58 145 0.18 2.42 1.5 -1 7.396E+01 1.806E+02 3.600E+00
58 146 0.20 1.33 0.0 1 2.189E+03 8.112E+02 7.800E+00
58 147 0.21 3.33 1.5 -1 1.715E+01 5.640E+01 1.000E+00
58 148 0.25 2.25 0.0 1 9.487E+01 5.600E+01 1.000E+00
58 149 0.30 4.23 1.5 1 4.514E+00 5.300E+00 2.000E-01
58 150 0.31 3.39 0.0 1 7.471E+00 4.000E+00 6.000E-01
58 151 0.32 5.14 1.5 -1 1.164E+00 1.760E+00 6.000E-02
58 152 0.32 5.30 0.0 1 1.379E+00 1.100E+00 3.000E-01
59 147 0.21 3.13 0.5 -1 6.678E+01 8.040E+02 1.800E+01
59 149 0.31 2.85 1.5 -1 2.218E+01 1.356E+02 4.200E+00
59 150 0.31 5.07 0.0 -1 1.607E+00 6.190E+00 1.600E-01
59 151 0.33 3.92 1.5 -1 5.833E+00 1.890E+01 7.000E-02
59 152 0.33 6.26 0.0 1 8.710E-01 3.630E+00 1.200E-01
59 153 0.33 4.79 2.5 1 9.314E-01 4.280E+00 1.100E-01
59 154 0.34 7.69 1.0 -1 3.610E-01 2.300E+00 1.000E-01
60 151 0.31 2.32 1.5 1 8.672E+01 7.464E+02 4.200E+00
60 152 0.34 1.16 0.0 1 1.807E+03 6.840E+02 1.200E+01
60 153 0.34 3.61 1.5 -1 1.648E+01 3.160E+01 1.000E+00
60 154 0.34 2.82 0.0 1 2.273E+01 2.590E+01 2.000E-01
60 155 0.35 5.10 2.5 1 2.351E+00 8.900E+00 2.000E-01
60 156 0.35 3.53 0.0 1 4.019E+00 5.060E+00 1.300E-01
61 153 0.34 2.22 2.5 1 3.063E+02 3.150E+02 1.200E+00
61 155 0.36 3.76 2.5 1 2.264E+01 4.150E+01 2.000E-01
61 156 0.36 6.31 0.0 1 1.123E+01 2.670E+01 1.000E-01
61 157 0.37 4.67 2.5 -1 5.525E+00 1.056E+01 1.000E-01
61 158 0.37 6.89 2.0 -1 2.512E+00 4.800E+00 5.000E-01
61 159 0.37 5.54 2.5 -1 1.193E+00 1.500E+00 2.000E-01
62 157 0.35 3.24 2.5 1 5.126E+01 4.818E+02 4.200E+00
62 158 0.35 1.61 0.0 1 1.074E+02 3.180E+02 1.800E+00
62 159 0.35 3.93 2.5 -1 8.162E+00 1.137E+01 1.500E-01
62 160 0.35 2.39 0.0 1 6.336E+00 9.600E+00 3.000E-01
62 161 0.35 4.90 0.5 -1 1.081E+00 4.800E+00 4.000E-01
62 162 0.35 3.82 0.0 1 1.872E+00 2.400E+00 5.000E-01
63 160 0.35 5.14 0.0 1 1.985E+01 3.800E+01 4.000E+00
63 161 0.35 3.50 2.5 -1 9.528E+00 2.600E+01 3.000E+00
63 162 0.35 5.95 2.0 1 2.828E+00 1.060E+01 1.000E+00
63 163 0.35 4.88 2.5 -1 2.476E+00 7.700E+00 4.000E-01
63 164 0.36 6.77 6.0 1 1.018E+00 4.200E+00 2.000E-01
63 165 0.35 5.98 2.5 -1 1.139E+00 2.700E+00 3.000E-01
63 166 0.35 7.78 5.0 1 5.311E-01 1.700E+00 3.000E-01
64 161 0.34 2.14 2.5 -1 2.308E+02 2.188E+02 1.800E-01
64 162 0.35 0.55 0.0 1 4.024E+02 5.040E+02 1.200E+01
64 163 0.35 3.07 0.5 -1 1.239E+01 6.800E+01 3.000E+00
64 164 0.35 2.01 0.0 1 3.888E+01 4.500E+01 3.000E+00
64 165 0.35 3.94 3.5 1 3.976E+00 1.030E+01 1.600E+00
64 166 0.35 3.10 0.0 1 8.394E+00 4.800E+00 1.000E+00
65 162 0.35 3.29 4.0 -1 9.086E+03 4.560E+02 9.000E+00
65 164 0.35 4.09 1.0 -1 3.004E+01 1.800E+02 6.000E+00
65 165 0.35 2.98 1.5 1 2.359E+01 1.266E+02 6.000E+00
65 166 0.35 5.02 5.0 1 5.669E+00 2.510E+01 2.100E+00
65 167 0.35 4.14 1.5 1 6.352E+00 1.900E+01 3.000E+00
65 168 0.35 5.86 4.0 -1 1.987E+00 8.200E+00 1.300E+00
66 167 0.35 2.13 3.5 1 6.931E+01 3.720E+02 4.800E+00
66 168 0.34 1.17 0.0 1 3.451E+02 5.220E+02 1.800E+01
66 169 0.35 2.92 2.5 -1 7.703E+00 3.900E+01 8.000E+00
67 168 0.35 3.29 4.0 1 1.795E+02 1.794E+02 4.200E+00
67 169 0.34 2.29 0.5 1 1.256E+05 2.832E+02 6.000E+00
67 171 0.33 3.11 0.5 1 1.446E+01 5.300E+01 2.000E+00
67 172 0.33 5.14 3.0 -1 3.683E+00 2.500E+01 3.000E+00
68 173 0.32 2.55 3.5 -1 4.269E+01 8.604E+01 1.020E+00
68 174 0.32 1.51 0.0 1 9.189E+01 1.920E+02 1.200E+01
68 175 0.31 3.57 4.5 1 7.447E+00 7.200E+01 1.800E+01
69 174 0.32 3.17 1.0 1 8.828E+01 3.240E+02 6.000E+00
69 175 0.32 2.06 3.5 -1 7.732E+01 9.120E+02 3.000E+01
69 176 0.31 4.09 1.0 -1 2.248E+01 1.110E+02 1.800E+00
69 177 0.31 3.02 3.5 -1 9.174E+00 9.000E+01 6.000E+00
70 179 0.30 2.96 6.5 1 3.657E+01 4.800E+02 2.400E+01
70 180 0.29 1.88 0.0 1 3.796E+01 1.440E+02 3.000E+01
71 180 0.28 3.51 3.0 -1 1.450E+02 3.420E+02 6.000E+00
71 181 0.28 2.45 3.5 1 3.809E+01 2.100E+02 1.800E+01
71 182 0.28 4.54 2.0 -1 3.427E+01 1.200E+02 1.200E+01
71 183 0.27 3.92 3.5 1 8.630E+00 5.800E+01 4.000E+00
71 184 0.26 5.22 1.0 -1 7.464E+00 2.000E+01 3.000E+00
72 185 0.24 2.60 5.5 1 1.772E+01 2.100E+02 3.600E+01
72 186 0.23 1.69 0.0 1 4.985E+01 1.560E+02 7.200E+01
73 186 0.23 3.38 1.0 -1 2.094E+01 6.300E+02 1.800E+01
73 188 0.20 5.01 10.0 -1 4.812E+00 1.960E+01 2.000E+00
73 192 -0.16 6.75 1.0 1 1.004E+00 2.200E+00 7.000E-01
74 189 0.20 2.02 5.5 1 5.541E+01 6.420E+02 3.000E+01
75 190 0.19 2.28 8.0 1 5.247E+01 1.860E+02 1.800E+01
75 191 0.17 1.59 4.5 -1 1.092E+02 5.880E+02 3.000E+01
75 192 0.16 3.97 10.0 -1 1.538E+01 1.600E+01 9.000E-01
75 194 -0.14 5.16 0.0 1 5.737E+00 1.000E+00 5.000E-01
75 195 -0.12 3.72 2.5 -1 5.189E+00 6.000E+00 1.000E+00
76 197 -0.10 3.61 1.5 -1 1.755E+01 1.680E+02 3.600E+01
76 199 0.00 4.61 2.5 -1 4.111E+00 6.000E+00 3.000E+00
76 200 0.00 2.06 0.0 1 1.142E+01 7.000E+00 4.000E+00
77 196 -0.12 3.40 2.0 -1 1.380E+02 5.200E+01 1.000E+00
77 197 -0.11 1.80 1.5 -1 7.262E+01 3.480E+02 3.000E+01
77 198 -0.10 4.54 3.0 1 2.183E+01 8.000E+00 1.000E+00
77 200 -0.10 6.62 4.0 -1 3.465E+01 4.400E+01 6.000E+00
77 201 -0.07 4.40 1.5 -1 4.489E+00 2.100E+01 5.000E+00
77 202 -0.00 5.29 2.0 -1 5.838E+01 1.300E+01 2.000E+00
78 201 0.00 2.41 0.5 -1 2.401E+01 1.500E+02 6.000E+00
78 203 0.00 2.15 0.5 -1 2.525E+01 2.200E+01 4.000E+00
78 204 0.00 1.37 0.0 1 1.182E+01 1.030E+01 1.400E+00
79 202 -0.01 3.56 4.0 -1 4.001E+02 2.840E+01 1.200E+00
79 203 0.00 2.15 1.5 1 8.279E+01 6.000E+01 6.000E+00
79 204 0.00 3.73 2.0 -1 1.910E+03 3.820E+01 1.400E+00
79 205 0.00 3.04 1.5 1 5.979E+00 3.250E+01 1.400E+00
80 205 0.00 0.91 0.5 -1 1.309E+04 3.084E+02 5.400E+00
80 206 0.00 0.20 0.0 1 4.430E+02 4.992E+02 4.200E+00
80 207 -0.01 5.04 4.5 1 8.754E+00 1.740E+02 1.200E+01
80 209 0.01 5.73 4.5 1 1.471E+00 3.700E+01 8.000E+00
81 207 0.00 1.45 0.5 1 2.111E+03 2.862E+02 1.200E+00
81 209 0.00 4.81 0.5 1 6.273E+01 1.297E+02 4.200E-01
81 210 0.01 7.02 5.0 1 7.972E+01 7.800E+01 1.800E+00
81 211 0.00 5.36 0.5 1 2.373E+01 1.000E+02 4.000E+00
81 212 0.00 7.65 5.0 1 2.788E+01 1.000E+02 4.000E+00
81 213 0.00 5.85 0.5 1 8.240E+00 6.000E+01 4.000E+00
82 213 0.00 2.40 4.5 1 8.438E+01 6.120E+02 1.800E+01
82 215 0.00 3.78 4.5 1 2.201E+01 1.470E+02 1.200E+01
83 215 -0.03 2.36 4.5 -1 1.265E+04 4.560E+02 1.200E+01
83 217 -0.03 3.05 4.5 -1 4.753E+02 9.850E+01 8.000E-01
83 218 0.04 5.90 1.0 -1 1.025E+03 3.300E+01 1.000E+00
83 219 0.06 3.96 4.5 -1 1.495E+01 2.200E+01 7.000E+00
85 221 0.13 1.90 4.5 -1 3.223E+01 1.380E+02 1.200E+01
85 222 0.14 4.35 1.0 -1 5.230E+00 5.400E+01 1.000E+00
86 225 0.19 3.53 2.5 1 1.436E+01 2.796E+02 2.400E+00
86 226 0.20 2.09 0.0 1 2.384E+02 4.440E+02 6.000E+00
86 227 0.22 3.22 2.5 -1 5.534E+00 2.080E+01 7.000E-01
86 228 0.22 1.85 0.0 1 4.614E+01 6.500E+01 2.000E+00
87 222 0.15 2.03 1.0 -1 9.728E+02 8.520E+02 1.800E+01
87 224 0.17 2.68 1.0 1 8.194E+01 1.998E+02 6.000E+00
87 225 0.17 1.46 0.5 -1 6.229E+01 2.370E+02 8.400E+00
87 226 0.20 3.97 2.0 -1 1.787E+01 4.900E+01 1.000E+00
87 227 0.20 3.09 0.5 -1 1.558E+01 1.482E+02 1.800E+00
87 228 0.22 4.49 2.0 1 6.356E+00 3.800E+01 1.000E+00
87 229 0.22 3.19 0.5 -1 5.848E+00 5.020E+01 4.000E-01
87 230 0.24 5.38 0.0 -1 2.674E+00 1.910E+01 5.000E-01
87 231 0.24 4.10 0.5 -1 2.128E+00 1.760E+01 6.000E-01
87 232 0.25 6.51 2.0 -1 1.585E+00 5.500E+00 6.000E-01
88 229 0.23 1.85 2.5 -1 7.310E+01 2.400E+02 1.200E+01
88 231 0.25 2.33 0.5 1 1.922E+01 1.040E+02 8.000E-01
88 232 0.25 1.06 0.0 1 1.436E+02 2.400E+02 1.800E+01
88 233 0.26 3.66 2.5 1 6.549E+00 3.000E+01 5.000E+00
88 234 0.26 1.97 0.0 1 2.030E+01 3.000E+01 1.000E+00
89 230 0.23 3.16 2.0 -1 1.174E+02 1.220E+02 3.000E+00
89 231 0.24 1.70 0.5 1 5.111E+01 4.500E+02 6.000E+00
89 232 0.25 3.80 0.0 1 1.729E+01 1.188E+02 4.800E+00
89 233 0.25 2.67 0.5 1 1.372E+01 1.450E+02 1.000E+00
89 234 0.25 5.31 2.0 1 9.562E+00 4.500E+01 2.000E+00
90 235 0.26 2.14 3.5 -1 9.971E+01 4.320E+02 6.000E+00
90 237 0.27 2.21 2.5 1 1.773E+01 2.880E+02 3.000E+01
90 238 0.27 2.26 0.0 1 6.659E+01 5.640E+02 1.200E+02
91 236 0.27 3.40 2.0 -1 1.093E+02 5.460E+02 6.000E+00
91 237 0.27 2.32 1.5 1 3.162E+01 5.220E+02 1.200E+01
91 238 0.27 2.87 1.0 1 2.573E+01 1.362E+02 5.400E+00
93 241 0.28 0.72 2.5 -1 3.365E+02 8.340E+02 1.200E+01
93 243 0.28 2.24 1.5 1 2.610E+01 1.110E+02 9.000E+00
93 244 0.28 3.71 3.0 -1 3.137E+01 1.374E+02 9.600E+00
