10 0 10 
10 0 25 
10 0 50 
10 0 100 
10 0 120 
10 1 10 10 
10 1 25 10 
10 1 25 25 
10 1 50 10 
10 1 50 25 
10 1 50 50 
10 1 100 10 
10 1 100 25 
10 1 100 50 
10 1 100 100 
10 1 120 10 
10 1 120 25 
10 1 120 50 
10 1 120 100 
10 1 120 120 
10 2 10 10 10
10 2 25 10 10
10 2 25 25 10
10 2 25 25 25
10 2 50 10 10
10 2 50 25 10
10 2 50 25 25
10 2 50 50 10
10 2 50 50 25
10 2 50 50 50
10 2 100 10 10
10 2 100 25 10
10 2 100 25 25
10 2 100 50 10
10 2 100 50 25
10 2 100 50 50
10 2 100 100 10
10 2 100 100 25
10 2 100 100 50
10 2 100 100 100
10 2 120 10 10
10 2 120 25 10
10 2 120 25 25
10 2 120 50 10
10 2 120 50 25
10 2 120 50 50
10 2 120 100 10
10 2 120 100 25
10 2 120 100 50
10 2 120 100 100
10 2 120 120 10
10 2 120 120 25
10 2 120 120 50
10 2 120 120 100
10 2 120 120 120
10 3 10 10 10 10
10 3 25 10 10 10
10 3 25 25 10 10
10 3 25 25 25 10
10 3 25 25 25 25
10 3 50 10 10 10
10 3 50 25 10 10
10 3 50 25 25 10
10 3 50 25 25 25
10 3 50 50 10 10
10 3 50 50 25 10
10 3 50 50 25 25
10 3 50 50 50 10
10 3 50 50 50 25
10 3 50 50 50 50
10 3 100 10 10 10
10 3 100 25 10 10
10 3 100 25 25 10
10 3 100 25 25 25
10 3 100 50 10 10
10 3 100 50 25 10
10 3 100 50 25 25
10 3 100 50 50 10
10 3 100 50 50 25
10 3 100 50 50 50
10 3 100 100 10 10
10 3 100 100 25 10
10 3 100 100 25 25
10 3 100 100 50 10
10 3 100 100 50 25
10 3 100 100 50 50
10 3 100 100 100 10
10 3 100 100 100 25
10 3 100 100 100 50
10 3 100 100 100 100
10 3 120 10 10 10
10 3 120 25 10 10
10 3 120 25 25 10
10 3 120 25 25 25
10 3 120 50 10 10
10 3 120 50 25 10
10 3 120 50 25 25
10 3 120 50 50 10
10 3 120 50 50 25
10 3 120 50 50 50
10 3 120 100 10 10
10 3 120 100 25 10
10 3 120 100 25 25
10 3 120 100 50 10
10 3 120 100 50 25
10 3 120 100 50 50
10 3 120 100 100 10
10 3 120 100 100 25
10 3 120 100 100 50
10 3 120 100 100 100
10 3 120 120 10 10
10 3 120 120 25 10
10 3 120 120 25 25
10 3 120 120 50 10
10 3 120 120 50 25
10 3 120 120 50 50
10 3 120 120 100 10
10 3 120 120 100 25
10 3 120 120 100 50
10 3 120 120 100 100
10 3 120 120 120 10
10 3 120 120 120 25
10 3 120 120 120 50
10 3 120 120 120 100
10 3 120 120 120 120
200 0 10 
200 0 25 
200 0 50 
200 0 100 
200 0 120 
200 1 10 10 
200 1 25 10 
200 1 25 25 
200 1 50 10 
200 1 50 25 
200 1 50 50 
200 1 100 10 
200 1 100 25 
200 1 100 50 
200 1 100 100 
200 1 120 10 
200 1 120 25 
200 1 120 50 
200 1 120 100 
200 1 120 120 
200 2 10 10 10
200 2 25 10 10
200 2 25 25 10
200 2 25 25 25
200 2 50 10 10
200 2 50 25 10
200 2 50 25 25
200 2 50 50 10
200 2 50 50 25
200 2 50 50 50
200 2 100 10 10
200 2 100 25 10
200 2 100 25 25
200 2 100 50 10
200 2 100 50 25
200 2 100 50 50
200 2 100 100 10
200 2 100 100 25
200 2 100 100 50
200 2 100 100 100
200 2 120 10 10
200 2 120 25 10
200 2 120 25 25
200 2 120 50 10
200 2 120 50 25
200 2 120 50 50
200 2 120 100 10
200 2 120 100 25
200 2 120 100 50
200 2 120 100 100
200 2 120 120 10
200 2 120 120 25
200 2 120 120 50
200 2 120 120 100
200 2 120 120 120
200 3 10 10 10 10
200 3 25 10 10 10
200 3 25 25 10 10
200 3 25 25 25 10
200 3 25 25 25 25
200 3 50 10 10 10
200 3 50 25 10 10
200 3 50 25 25 10
200 3 50 25 25 25
200 3 50 50 10 10
200 3 50 50 25 10
200 3 50 50 25 25
200 3 50 50 50 10
200 3 50 50 50 25
200 3 50 50 50 50
200 3 100 10 10 10
200 3 100 25 10 10
200 3 100 25 25 10
200 3 100 25 25 25
200 3 100 50 10 10
200 3 100 50 25 10
200 3 100 50 25 25
200 3 100 50 50 10
200 3 100 50 50 25
200 3 100 50 50 50
200 3 100 100 10 10
200 3 100 100 25 10
200 3 100 100 25 25
200 3 100 100 50 10
200 3 100 100 50 25
200 3 100 100 50 50
200 3 100 100 100 10
200 3 100 100 100 25
200 3 100 100 100 50
200 3 100 100 100 100
200 3 120 10 10 10
200 3 120 25 10 10
200 3 120 25 25 10
200 3 120 25 25 25
200 3 120 50 10 10
200 3 120 50 25 10
200 3 120 50 25 25
200 3 120 50 50 10
200 3 120 50 50 25
200 3 120 50 50 50
200 3 120 100 10 10
200 3 120 100 25 10
200 3 120 100 25 25
200 3 120 100 50 10
200 3 120 100 50 25
200 3 120 100 50 50
200 3 120 100 100 10
200 3 120 100 100 25
200 3 120 100 100 50
200 3 120 100 100 100
200 3 120 120 10 10
200 3 120 120 25 10
200 3 120 120 25 25
200 3 120 120 50 10
200 3 120 120 50 25
200 3 120 120 50 50
200 3 120 120 100 10
200 3 120 120 100 25
200 3 120 120 100 50
200 3 120 120 100 100
200 3 120 120 120 10
200 3 120 120 120 25
200 3 120 120 120 50
200 3 120 120 120 100
200 3 120 120 120 120
800 0 10 
800 0 25 
800 0 50 
800 0 100 
800 0 120 
800 1 10 10 
800 1 25 10 
800 1 25 25 
800 1 50 10 
800 1 50 25 
800 1 50 50 
800 1 100 10 
800 1 100 25 
800 1 100 50 
800 1 100 100 
800 1 120 10 
800 1 120 25 
800 1 120 50 
800 1 120 100 
800 1 120 120 
800 2 10 10 10
800 2 25 10 10
800 2 25 25 10
800 2 25 25 25
800 2 50 10 10
800 2 50 25 10
800 2 50 25 25
800 2 50 50 10
800 2 50 50 25
800 2 50 50 50
800 2 100 10 10
800 2 100 25 10
800 2 100 25 25
800 2 100 50 10
800 2 100 50 25
800 2 100 50 50
800 2 100 100 10
800 2 100 100 25
800 2 100 100 50
800 2 100 100 100
800 2 120 10 10
800 2 120 25 10
800 2 120 25 25
800 2 120 50 10
800 2 120 50 25
800 2 120 50 50
800 2 120 100 10
800 2 120 100 25
800 2 120 100 50
800 2 120 100 100
800 2 120 120 10
800 2 120 120 25
800 2 120 120 50
800 2 120 120 100
800 2 120 120 120
800 3 10 10 10 10
800 3 25 10 10 10
800 3 25 25 10 10
800 3 25 25 25 10
800 3 25 25 25 25
800 3 50 10 10 10
800 3 50 25 10 10
800 3 50 25 25 10
800 3 50 25 25 25
800 3 50 50 10 10
800 3 50 50 25 10
800 3 50 50 25 25
800 3 50 50 50 10
800 3 50 50 50 25
800 3 50 50 50 50
800 3 100 10 10 10
800 3 100 25 10 10
800 3 100 25 25 10
800 3 100 25 25 25
800 3 100 50 10 10
800 3 100 50 25 10
800 3 100 50 25 25
800 3 100 50 50 10
800 3 100 50 50 25
800 3 100 50 50 50
800 3 100 100 10 10
800 3 100 100 25 10
800 3 100 100 25 25
800 3 100 100 50 10
800 3 100 100 50 25
800 3 100 100 50 50
800 3 100 100 100 10
800 3 100 100 100 25
800 3 100 100 100 50
800 3 100 100 100 100
800 3 120 10 10 10
800 3 120 25 10 10
800 3 120 25 25 10
800 3 120 25 25 25
800 3 120 50 10 10
800 3 120 50 25 10
800 3 120 50 25 25
800 3 120 50 50 10
800 3 120 50 50 25
800 3 120 50 50 50
800 3 120 100 10 10
800 3 120 100 25 10
800 3 120 100 25 25
800 3 120 100 50 10
800 3 120 100 50 25
800 3 120 100 50 50
800 3 120 100 100 10
800 3 120 100 100 25
800 3 120 100 100 50
800 3 120 100 100 100
800 3 120 120 10 10
800 3 120 120 25 10
800 3 120 120 25 25
800 3 120 120 50 10
800 3 120 120 50 25
800 3 120 120 50 50
800 3 120 120 100 10
800 3 120 120 100 25
800 3 120 120 100 50
800 3 120 120 100 100
800 3 120 120 120 10
800 3 120 120 120 25
800 3 120 120 120 50
800 3 120 120 120 100
800 3 120 120 120 120
