10 3 120 120 100 20
10 3 120 120 100 20
10 3 120 120 100 20
10 3 120 120 100 20
10 3 120 120 100 20
10 3 120 120 100 20
10 3 120 120 100 20
10 3 120 120 100 20
10 3 120 120 100 20
10 3 120 120 100 20
10 3 90 90 90 90
10 3 90 90 90 90
10 3 90 90 90 90
10 3 90 90 90 90
10 3 90 90 90 90
10 3 90 90 90 90
10 3 90 90 90 90
10 3 90 90 90 90
10 3 90 90 90 90
10 3 90 90 90 90
10 3 120 100 80 60
10 3 120 100 80 60
10 3 120 100 80 60
10 3 120 100 80 60
10 3 120 100 80 60
10 3 120 100 80 60
10 3 120 100 80 60
10 3 120 100 80 60
10 3 120 100 80 60
10 3 120 100 80 60
10 3 160 80 80 40
10 3 160 80 80 40
10 3 160 80 80 40
10 3 160 80 80 40
10 3 160 80 80 40
10 3 160 80 80 40
10 3 160 80 80 40
10 3 160 80 80 40
10 3 160 80 80 40
10 3 160 80 80 40
10 3 160 120 40 40 
10 3 160 120 40 40 
10 3 160 120 40 40 
10 3 160 120 40 40 
10 3 160 120 40 40 
10 3 160 120 40 40 
10 3 160 120 40 40 
10 3 160 120 40 40 
10 3 160 120 40 40 
10 3 160 120 40 40 
10 3 40 40 120 160
10 3 40 40 120 160
10 3 40 40 120 160
10 3 40 40 120 160
10 3 40 40 120 160
10 3 40 40 120 160
10 3 40 40 120 160
10 3 40 40 120 160
10 3 40 40 120 160
10 3 40 40 120 160
10 3 40 80 80 160
10 3 40 80 80 160
10 3 40 80 80 160
10 3 40 80 80 160
10 3 40 80 80 160
10 3 40 80 80 160
10 3 40 80 80 160
10 3 40 80 80 160
10 3 40 80 80 160
10 3 40 80 80 160
10 3 60 80 100 120
10 3 60 80 100 120
10 3 60 80 100 120
10 3 60 80 100 120
10 3 60 80 100 120
10 3 60 80 100 120
10 3 60 80 100 120
10 3 60 80 100 120
10 3 60 80 100 120
10 3 60 80 100 120
10 3 90 90 90 90
10 3 90 90 90 90
10 3 90 90 90 90
10 3 90 90 90 90
10 3 90 90 90 90
10 3 90 90 90 90
10 3 90 90 90 90
10 3 90 90 90 90
10 3 90 90 90 90
10 3 90 90 90 90
10 3 20 100 120 120
10 3 20 100 120 120
10 3 20 100 120 120
10 3 20 100 120 120
10 3 20 100 120 120
10 3 20 100 120 120
10 3 20 100 120 120
10 3 20 100 120 120
10 3 20 100 120 120
10 3 20 100 120 120