1000 1 6 6 
1000 1 8 6 
1000 1 8 8 
1000 1 12 6 
1000 1 12 8 
1000 1 12 12 
1000 1 16 6 
1000 1 16 8 
1000 1 16 12 
1000 1 16 16 
1000 1 32 6 
1000 1 32 8 
1000 1 32 12 
1000 1 32 16 
1000 1 32 32 
1000 1 64 6 
1000 1 64 8 
1000 1 64 12 
1000 1 64 16 
1000 1 64 32 
1000 1 64 64 
1000 1 86 6 
1000 1 86 8 
1000 1 86 12 
1000 1 86 16 
1000 1 86 32 
1000 1 86 64 
1000 1 86 86 
1000 1 100 6 
1000 1 100 8 
1000 1 100 12 
1000 1 100 16 
1000 1 100 32 
1000 1 100 64 
1000 1 100 86 
1000 1 100 100 
1000 1 120 6 
1000 1 120 8 
1000 1 120 12 
1000 1 120 16 
1000 1 120 32 
1000 1 120 64 
1000 1 120 86 
1000 1 120 100 
1000 1 120 120 
1000 2 6 6 
1000 2 8 6 
1000 2 8 8 
1000 2 12 6 
1000 2 12 8 
1000 2 12 12 
1000 2 16 6 
1000 2 16 8 
1000 2 16 12 
1000 2 16 16 
1000 2 32 6 
1000 2 32 8 
1000 2 32 12 
1000 2 32 16 
1000 2 32 32 
1000 2 64 6 
1000 2 64 8 
1000 2 64 12 
1000 2 64 16 
1000 2 64 32 
1000 2 64 64 
1000 2 86 6 
1000 2 86 8 
1000 2 86 12 
1000 2 86 16 
1000 2 86 32 
1000 2 86 64 
1000 2 86 86 
1000 2 100 6 
1000 2 100 8 
1000 2 100 12 
1000 2 100 16 
1000 2 100 32 
1000 2 100 64 
1000 2 100 86 
1000 2 100 100 
1000 2 120 6 
1000 2 120 8 
1000 2 120 12 
1000 2 120 16 
1000 2 120 32 
1000 2 120 64 
1000 2 120 86 
1000 2 120 100 
1000 2 120 120 
0100 1 6 6 
0100 1 8 6 
0100 1 8 8 
0100 1 12 6 
0100 1 12 8 
0100 1 12 12 
0100 1 16 6 
0100 1 16 8 
0100 1 16 12 
0100 1 16 16 
0100 1 32 6 
0100 1 32 8 
0100 1 32 12 
0100 1 32 16 
0100 1 32 32 
0100 1 64 6 
0100 1 64 8 
0100 1 64 12 
0100 1 64 16 
0100 1 64 32 
0100 1 64 64 
0100 1 86 6 
0100 1 86 8 
0100 1 86 12 
0100 1 86 16 
0100 1 86 32 
0100 1 86 64 
0100 1 86 86 
0100 1 100 6 
0100 1 100 8 
0100 1 100 12 
0100 1 100 16 
0100 1 100 32 
0100 1 100 64 
0100 1 100 86 
0100 1 100 100 
0100 1 120 6 
0100 1 120 8 
0100 1 120 12 
0100 1 120 16 
0100 1 120 32 
0100 1 120 64 
0100 1 120 86 
0100 1 120 100 
0100 1 120 120 
0100 2 6 6 
0100 2 8 6 
0100 2 8 8 
0100 2 12 6 
0100 2 12 8 
0100 2 12 12 
0100 2 16 6 
0100 2 16 8 
0100 2 16 12 
0100 2 16 16 
0100 2 32 6 
0100 2 32 8 
0100 2 32 12 
0100 2 32 16 
0100 2 32 32 
0100 2 64 6 
0100 2 64 8 
0100 2 64 12 
0100 2 64 16 
0100 2 64 32 
0100 2 64 64 
0100 2 86 6 
0100 2 86 8 
0100 2 86 12 
0100 2 86 16 
0100 2 86 32 
0100 2 86 64 
0100 2 86 86 
0100 2 100 6 
0100 2 100 8 
0100 2 100 12 
0100 2 100 16 
0100 2 100 32 
0100 2 100 64 
0100 2 100 86 
0100 2 100 100 
0100 2 120 6 
0100 2 120 8 
0100 2 120 12 
0100 2 120 16 
0100 2 120 32 
0100 2 120 64 
0100 2 120 86 
0100 2 120 100 
0100 2 120 120 
0010 1 6 6 
0010 1 8 6 
0010 1 8 8 
0010 1 12 6 
0010 1 12 8 
0010 1 12 12 
0010 1 16 6 
0010 1 16 8 
0010 1 16 12 
0010 1 16 16 
0010 1 32 6 
0010 1 32 8 
0010 1 32 12 
0010 1 32 16 
0010 1 32 32 
0010 1 64 6 
0010 1 64 8 
0010 1 64 12 
0010 1 64 16 
0010 1 64 32 
0010 1 64 64 
0010 1 86 6 
0010 1 86 8 
0010 1 86 12 
0010 1 86 16 
0010 1 86 32 
0010 1 86 64 
0010 1 86 86 
0010 1 100 6 
0010 1 100 8 
0010 1 100 12 
0010 1 100 16 
0010 1 100 32 
0010 1 100 64 
0010 1 100 86 
0010 1 100 100 
0010 1 120 6 
0010 1 120 8 
0010 1 120 12 
0010 1 120 16 
0010 1 120 32 
0010 1 120 64 
0010 1 120 86 
0010 1 120 100 
0010 1 120 120 
0010 2 6 6 
0010 2 8 6 
0010 2 8 8 
0010 2 12 6 
0010 2 12 8 
0010 2 12 12 
0010 2 16 6 
0010 2 16 8 
0010 2 16 12 
0010 2 16 16 
0010 2 32 6 
0010 2 32 8 
0010 2 32 12 
0010 2 32 16 
0010 2 32 32 
0010 2 64 6 
0010 2 64 8 
0010 2 64 12 
0010 2 64 16 
0010 2 64 32 
0010 2 64 64 
0010 2 86 6 
0010 2 86 8 
0010 2 86 12 
0010 2 86 16 
0010 2 86 32 
0010 2 86 64 
0010 2 86 86 
0010 2 100 6 
0010 2 100 8 
0010 2 100 12 
0010 2 100 16 
0010 2 100 32 
0010 2 100 64 
0010 2 100 86 
0010 2 100 100 
0010 2 120 6 
0010 2 120 8 
0010 2 120 12 
0010 2 120 16 
0010 2 120 32 
0010 2 120 64 
0010 2 120 86 
0010 2 120 100 
0010 2 120 120 
0001 1 6 6 
0001 1 8 6 
0001 1 8 8 
0001 1 12 6 
0001 1 12 8 
0001 1 12 12 
0001 1 16 6 
0001 1 16 8 
0001 1 16 12 
0001 1 16 16 
0001 1 32 6 
0001 1 32 8 
0001 1 32 12 
0001 1 32 16 
0001 1 32 32 
0001 1 64 6 
0001 1 64 8 
0001 1 64 12 
0001 1 64 16 
0001 1 64 32 
0001 1 64 64 
0001 1 86 6 
0001 1 86 8 
0001 1 86 12 
0001 1 86 16 
0001 1 86 32 
0001 1 86 64 
0001 1 86 86 
0001 1 100 6 
0001 1 100 8 
0001 1 100 12 
0001 1 100 16 
0001 1 100 32 
0001 1 100 64 
0001 1 100 86 
0001 1 100 100 
0001 1 120 6 
0001 1 120 8 
0001 1 120 12 
0001 1 120 16 
0001 1 120 32 
0001 1 120 64 
0001 1 120 86 
0001 1 120 100 
0001 1 120 120 
0001 2 6 6 
0001 2 8 6 
0001 2 8 8 
0001 2 12 6 
0001 2 12 8 
0001 2 12 12 
0001 2 16 6 
0001 2 16 8 
0001 2 16 12 
0001 2 16 16 
0001 2 32 6 
0001 2 32 8 
0001 2 32 12 
0001 2 32 16 
0001 2 32 32 
0001 2 64 6 
0001 2 64 8 
0001 2 64 12 
0001 2 64 16 
0001 2 64 32 
0001 2 64 64 
0001 2 86 6 
0001 2 86 8 
0001 2 86 12 
0001 2 86 16 
0001 2 86 32 
0001 2 86 64 
0001 2 86 86 
0001 2 100 6 
0001 2 100 8 
0001 2 100 12 
0001 2 100 16 
0001 2 100 32 
0001 2 100 64 
0001 2 100 86 
0001 2 100 100 
0001 2 120 6 
0001 2 120 8 
0001 2 120 12 
0001 2 120 16 
0001 2 120 32 
0001 2 120 64 
0001 2 120 86 
0001 2 120 100 
0001 2 120 120 
1100 1 6 6 
1100 1 8 6 
1100 1 8 8 
1100 1 12 6 
1100 1 12 8 
1100 1 12 12 
1100 1 16 6 
1100 1 16 8 
1100 1 16 12 
1100 1 16 16 
1100 1 32 6 
1100 1 32 8 
1100 1 32 12 
1100 1 32 16 
1100 1 32 32 
1100 1 64 6 
1100 1 64 8 
1100 1 64 12 
1100 1 64 16 
1100 1 64 32 
1100 1 64 64 
1100 1 86 6 
1100 1 86 8 
1100 1 86 12 
1100 1 86 16 
1100 1 86 32 
1100 1 86 64 
1100 1 86 86 
1100 1 100 6 
1100 1 100 8 
1100 1 100 12 
1100 1 100 16 
1100 1 100 32 
1100 1 100 64 
1100 1 100 86 
1100 1 100 100 
1100 1 120 6 
1100 1 120 8 
1100 1 120 12 
1100 1 120 16 
1100 1 120 32 
1100 1 120 64 
1100 1 120 86 
1100 1 120 100 
1100 1 120 120 
1100 2 6 6 
1100 2 8 6 
1100 2 8 8 
1100 2 12 6 
1100 2 12 8 
1100 2 12 12 
1100 2 16 6 
1100 2 16 8 
1100 2 16 12 
1100 2 16 16 
1100 2 32 6 
1100 2 32 8 
1100 2 32 12 
1100 2 32 16 
1100 2 32 32 
1100 2 64 6 
1100 2 64 8 
1100 2 64 12 
1100 2 64 16 
1100 2 64 32 
1100 2 64 64 
1100 2 86 6 
1100 2 86 8 
1100 2 86 12 
1100 2 86 16 
1100 2 86 32 
1100 2 86 64 
1100 2 86 86 
1100 2 100 6 
1100 2 100 8 
1100 2 100 12 
1100 2 100 16 
1100 2 100 32 
1100 2 100 64 
1100 2 100 86 
1100 2 100 100 
1100 2 120 6 
1100 2 120 8 
1100 2 120 12 
1100 2 120 16 
1100 2 120 32 
1100 2 120 64 
1100 2 120 86 
1100 2 120 100 
1100 2 120 120 
1010 1 6 6 
1010 1 8 6 
1010 1 8 8 
1010 1 12 6 
1010 1 12 8 
1010 1 12 12 
1010 1 16 6 
1010 1 16 8 
1010 1 16 12 
1010 1 16 16 
1010 1 32 6 
1010 1 32 8 
1010 1 32 12 
1010 1 32 16 
1010 1 32 32 
1010 1 64 6 
1010 1 64 8 
1010 1 64 12 
1010 1 64 16 
1010 1 64 32 
1010 1 64 64 
1010 1 86 6 
1010 1 86 8 
1010 1 86 12 
1010 1 86 16 
1010 1 86 32 
1010 1 86 64 
1010 1 86 86 
1010 1 100 6 
1010 1 100 8 
1010 1 100 12 
1010 1 100 16 
1010 1 100 32 
1010 1 100 64 
1010 1 100 86 
1010 1 100 100 
1010 1 120 6 
1010 1 120 8 
1010 1 120 12 
1010 1 120 16 
1010 1 120 32 
1010 1 120 64 
1010 1 120 86 
1010 1 120 100 
1010 1 120 120 
1010 2 6 6 
1010 2 8 6 
1010 2 8 8 
1010 2 12 6 
1010 2 12 8 
1010 2 12 12 
1010 2 16 6 
1010 2 16 8 
1010 2 16 12 
1010 2 16 16 
1010 2 32 6 
1010 2 32 8 
1010 2 32 12 
1010 2 32 16 
1010 2 32 32 
1010 2 64 6 
1010 2 64 8 
1010 2 64 12 
1010 2 64 16 
1010 2 64 32 
1010 2 64 64 
1010 2 86 6 
1010 2 86 8 
1010 2 86 12 
1010 2 86 16 
1010 2 86 32 
1010 2 86 64 
1010 2 86 86 
1010 2 100 6 
1010 2 100 8 
1010 2 100 12 
1010 2 100 16 
1010 2 100 32 
1010 2 100 64 
1010 2 100 86 
1010 2 100 100 
1010 2 120 6 
1010 2 120 8 
1010 2 120 12 
1010 2 120 16 
1010 2 120 32 
1010 2 120 64 
1010 2 120 86 
1010 2 120 100 
1010 2 120 120 
1001 1 6 6 
1001 1 8 6 
1001 1 8 8 
1001 1 12 6 
1001 1 12 8 
1001 1 12 12 
1001 1 16 6 
1001 1 16 8 
1001 1 16 12 
1001 1 16 16 
1001 1 32 6 
1001 1 32 8 
1001 1 32 12 
1001 1 32 16 
1001 1 32 32 
1001 1 64 6 
1001 1 64 8 
1001 1 64 12 
1001 1 64 16 
1001 1 64 32 
1001 1 64 64 
1001 1 86 6 
1001 1 86 8 
1001 1 86 12 
1001 1 86 16 
1001 1 86 32 
1001 1 86 64 
1001 1 86 86 
1001 1 100 6 
1001 1 100 8 
1001 1 100 12 
1001 1 100 16 
1001 1 100 32 
1001 1 100 64 
1001 1 100 86 
1001 1 100 100 
1001 1 120 6 
1001 1 120 8 
1001 1 120 12 
1001 1 120 16 
1001 1 120 32 
1001 1 120 64 
1001 1 120 86 
1001 1 120 100 
1001 1 120 120 
1001 2 6 6 
1001 2 8 6 
1001 2 8 8 
1001 2 12 6 
1001 2 12 8 
1001 2 12 12 
1001 2 16 6 
1001 2 16 8 
1001 2 16 12 
1001 2 16 16 
1001 2 32 6 
1001 2 32 8 
1001 2 32 12 
1001 2 32 16 
1001 2 32 32 
1001 2 64 6 
1001 2 64 8 
1001 2 64 12 
1001 2 64 16 
1001 2 64 32 
1001 2 64 64 
1001 2 86 6 
1001 2 86 8 
1001 2 86 12 
1001 2 86 16 
1001 2 86 32 
1001 2 86 64 
1001 2 86 86 
1001 2 100 6 
1001 2 100 8 
1001 2 100 12 
1001 2 100 16 
1001 2 100 32 
1001 2 100 64 
1001 2 100 86 
1001 2 100 100 
1001 2 120 6 
1001 2 120 8 
1001 2 120 12 
1001 2 120 16 
1001 2 120 32 
1001 2 120 64 
1001 2 120 86 
1001 2 120 100 
1001 2 120 120 
0110 1 6 6 
0110 1 8 6 
0110 1 8 8 
0110 1 12 6 
0110 1 12 8 
0110 1 12 12 
0110 1 16 6 
0110 1 16 8 
0110 1 16 12 
0110 1 16 16 
0110 1 32 6 
0110 1 32 8 
0110 1 32 12 
0110 1 32 16 
0110 1 32 32 
0110 1 64 6 
0110 1 64 8 
0110 1 64 12 
0110 1 64 16 
0110 1 64 32 
0110 1 64 64 
0110 1 86 6 
0110 1 86 8 
0110 1 86 12 
0110 1 86 16 
0110 1 86 32 
0110 1 86 64 
0110 1 86 86 
0110 1 100 6 
0110 1 100 8 
0110 1 100 12 
0110 1 100 16 
0110 1 100 32 
0110 1 100 64 
0110 1 100 86 
0110 1 100 100 
0110 1 120 6 
0110 1 120 8 
0110 1 120 12 
0110 1 120 16 
0110 1 120 32 
0110 1 120 64 
0110 1 120 86 
0110 1 120 100 
0110 1 120 120 
0110 2 6 6 
0110 2 8 6 
0110 2 8 8 
0110 2 12 6 
0110 2 12 8 
0110 2 12 12 
0110 2 16 6 
0110 2 16 8 
0110 2 16 12 
0110 2 16 16 
0110 2 32 6 
0110 2 32 8 
0110 2 32 12 
0110 2 32 16 
0110 2 32 32 
0110 2 64 6 
0110 2 64 8 
0110 2 64 12 
0110 2 64 16 
0110 2 64 32 
0110 2 64 64 
0110 2 86 6 
0110 2 86 8 
0110 2 86 12 
0110 2 86 16 
0110 2 86 32 
0110 2 86 64 
0110 2 86 86 
0110 2 100 6 
0110 2 100 8 
0110 2 100 12 
0110 2 100 16 
0110 2 100 32 
0110 2 100 64 
0110 2 100 86 
0110 2 100 100 
0110 2 120 6 
0110 2 120 8 
0110 2 120 12 
0110 2 120 16 
0110 2 120 32 
0110 2 120 64 
0110 2 120 86 
0110 2 120 100 
0110 2 120 120 
0101 1 6 6 
0101 1 8 6 
0101 1 8 8 
0101 1 12 6 
0101 1 12 8 
0101 1 12 12 
0101 1 16 6 
0101 1 16 8 
0101 1 16 12 
0101 1 16 16 
0101 1 32 6 
0101 1 32 8 
0101 1 32 12 
0101 1 32 16 
0101 1 32 32 
0101 1 64 6 
0101 1 64 8 
0101 1 64 12 
0101 1 64 16 
0101 1 64 32 
0101 1 64 64 
0101 1 86 6 
0101 1 86 8 
0101 1 86 12 
0101 1 86 16 
0101 1 86 32 
0101 1 86 64 
0101 1 86 86 
0101 1 100 6 
0101 1 100 8 
0101 1 100 12 
0101 1 100 16 
0101 1 100 32 
0101 1 100 64 
0101 1 100 86 
0101 1 100 100 
0101 1 120 6 
0101 1 120 8 
0101 1 120 12 
0101 1 120 16 
0101 1 120 32 
0101 1 120 64 
0101 1 120 86 
0101 1 120 100 
0101 1 120 120 
0101 2 6 6 
0101 2 8 6 
0101 2 8 8 
0101 2 12 6 
0101 2 12 8 
0101 2 12 12 
0101 2 16 6 
0101 2 16 8 
0101 2 16 12 
0101 2 16 16 
0101 2 32 6 
0101 2 32 8 
0101 2 32 12 
0101 2 32 16 
0101 2 32 32 
0101 2 64 6 
0101 2 64 8 
0101 2 64 12 
0101 2 64 16 
0101 2 64 32 
0101 2 64 64 
0101 2 86 6 
0101 2 86 8 
0101 2 86 12 
0101 2 86 16 
0101 2 86 32 
0101 2 86 64 
0101 2 86 86 
0101 2 100 6 
0101 2 100 8 
0101 2 100 12 
0101 2 100 16 
0101 2 100 32 
0101 2 100 64 
0101 2 100 86 
0101 2 100 100 
0101 2 120 6 
0101 2 120 8 
0101 2 120 12 
0101 2 120 16 
0101 2 120 32 
0101 2 120 64 
0101 2 120 86 
0101 2 120 100 
0101 2 120 120 
0011 1 6 6 
0011 1 8 6 
0011 1 8 8 
0011 1 12 6 
0011 1 12 8 
0011 1 12 12 
0011 1 16 6 
0011 1 16 8 
0011 1 16 12 
0011 1 16 16 
0011 1 32 6 
0011 1 32 8 
0011 1 32 12 
0011 1 32 16 
0011 1 32 32 
0011 1 64 6 
0011 1 64 8 
0011 1 64 12 
0011 1 64 16 
0011 1 64 32 
0011 1 64 64 
0011 1 86 6 
0011 1 86 8 
0011 1 86 12 
0011 1 86 16 
0011 1 86 32 
0011 1 86 64 
0011 1 86 86 
0011 1 100 6 
0011 1 100 8 
0011 1 100 12 
0011 1 100 16 
0011 1 100 32 
0011 1 100 64 
0011 1 100 86 
0011 1 100 100 
0011 1 120 6 
0011 1 120 8 
0011 1 120 12 
0011 1 120 16 
0011 1 120 32 
0011 1 120 64 
0011 1 120 86 
0011 1 120 100 
0011 1 120 120 
0011 2 6 6 
0011 2 8 6 
0011 2 8 8 
0011 2 12 6 
0011 2 12 8 
0011 2 12 12 
0011 2 16 6 
0011 2 16 8 
0011 2 16 12 
0011 2 16 16 
0011 2 32 6 
0011 2 32 8 
0011 2 32 12 
0011 2 32 16 
0011 2 32 32 
0011 2 64 6 
0011 2 64 8 
0011 2 64 12 
0011 2 64 16 
0011 2 64 32 
0011 2 64 64 
0011 2 86 6 
0011 2 86 8 
0011 2 86 12 
0011 2 86 16 
0011 2 86 32 
0011 2 86 64 
0011 2 86 86 
0011 2 100 6 
0011 2 100 8 
0011 2 100 12 
0011 2 100 16 
0011 2 100 32 
0011 2 100 64 
0011 2 100 86 
0011 2 100 100 
0011 2 120 6 
0011 2 120 8 
0011 2 120 12 
0011 2 120 16 
0011 2 120 32 
0011 2 120 64 
0011 2 120 86 
0011 2 120 100 
0011 2 120 120 
1110 1 6 6 
1110 1 8 6 
1110 1 8 8 
1110 1 12 6 
1110 1 12 8 
1110 1 12 12 
1110 1 16 6 
1110 1 16 8 
1110 1 16 12 
1110 1 16 16 
1110 1 32 6 
1110 1 32 8 
1110 1 32 12 
1110 1 32 16 
1110 1 32 32 
1110 1 64 6 
1110 1 64 8 
1110 1 64 12 
1110 1 64 16 
1110 1 64 32 
1110 1 64 64 
1110 1 86 6 
1110 1 86 8 
1110 1 86 12 
1110 1 86 16 
1110 1 86 32 
1110 1 86 64 
1110 1 86 86 
1110 1 100 6 
1110 1 100 8 
1110 1 100 12 
1110 1 100 16 
1110 1 100 32 
1110 1 100 64 
1110 1 100 86 
1110 1 100 100 
1110 1 120 6 
1110 1 120 8 
1110 1 120 12 
1110 1 120 16 
1110 1 120 32 
1110 1 120 64 
1110 1 120 86 
1110 1 120 100 
1110 1 120 120 
1110 2 6 6 
1110 2 8 6 
1110 2 8 8 
1110 2 12 6 
1110 2 12 8 
1110 2 12 12 
1110 2 16 6 
1110 2 16 8 
1110 2 16 12 
1110 2 16 16 
1110 2 32 6 
1110 2 32 8 
1110 2 32 12 
1110 2 32 16 
1110 2 32 32 
1110 2 64 6 
1110 2 64 8 
1110 2 64 12 
1110 2 64 16 
1110 2 64 32 
1110 2 64 64 
1110 2 86 6 
1110 2 86 8 
1110 2 86 12 
1110 2 86 16 
1110 2 86 32 
1110 2 86 64 
1110 2 86 86 
1110 2 100 6 
1110 2 100 8 
1110 2 100 12 
1110 2 100 16 
1110 2 100 32 
1110 2 100 64 
1110 2 100 86 
1110 2 100 100 
1110 2 120 6 
1110 2 120 8 
1110 2 120 12 
1110 2 120 16 
1110 2 120 32 
1110 2 120 64 
1110 2 120 86 
1110 2 120 100 
1110 2 120 120 
1101 1 6 6 
1101 1 8 6 
1101 1 8 8 
1101 1 12 6 
1101 1 12 8 
1101 1 12 12 
1101 1 16 6 
1101 1 16 8 
1101 1 16 12 
1101 1 16 16 
1101 1 32 6 
1101 1 32 8 
1101 1 32 12 
1101 1 32 16 
1101 1 32 32 
1101 1 64 6 
1101 1 64 8 
1101 1 64 12 
1101 1 64 16 
1101 1 64 32 
1101 1 64 64 
1101 1 86 6 
1101 1 86 8 
1101 1 86 12 
1101 1 86 16 
1101 1 86 32 
1101 1 86 64 
1101 1 86 86 
1101 1 100 6 
1101 1 100 8 
1101 1 100 12 
1101 1 100 16 
1101 1 100 32 
1101 1 100 64 
1101 1 100 86 
1101 1 100 100 
1101 1 120 6 
1101 1 120 8 
1101 1 120 12 
1101 1 120 16 
1101 1 120 32 
1101 1 120 64 
1101 1 120 86 
1101 1 120 100 
1101 1 120 120 
1101 2 6 6 
1101 2 8 6 
1101 2 8 8 
1101 2 12 6 
1101 2 12 8 
1101 2 12 12 
1101 2 16 6 
1101 2 16 8 
1101 2 16 12 
1101 2 16 16 
1101 2 32 6 
1101 2 32 8 
1101 2 32 12 
1101 2 32 16 
1101 2 32 32 
1101 2 64 6 
1101 2 64 8 
1101 2 64 12 
1101 2 64 16 
1101 2 64 32 
1101 2 64 64 
1101 2 86 6 
1101 2 86 8 
1101 2 86 12 
1101 2 86 16 
1101 2 86 32 
1101 2 86 64 
1101 2 86 86 
1101 2 100 6 
1101 2 100 8 
1101 2 100 12 
1101 2 100 16 
1101 2 100 32 
1101 2 100 64 
1101 2 100 86 
1101 2 100 100 
1101 2 120 6 
1101 2 120 8 
1101 2 120 12 
1101 2 120 16 
1101 2 120 32 
1101 2 120 64 
1101 2 120 86 
1101 2 120 100 
1101 2 120 120 
0111 1 6 6 
0111 1 8 6 
0111 1 8 8 
0111 1 12 6 
0111 1 12 8 
0111 1 12 12 
0111 1 16 6 
0111 1 16 8 
0111 1 16 12 
0111 1 16 16 
0111 1 32 6 
0111 1 32 8 
0111 1 32 12 
0111 1 32 16 
0111 1 32 32 
0111 1 64 6 
0111 1 64 8 
0111 1 64 12 
0111 1 64 16 
0111 1 64 32 
0111 1 64 64 
0111 1 86 6 
0111 1 86 8 
0111 1 86 12 
0111 1 86 16 
0111 1 86 32 
0111 1 86 64 
0111 1 86 86 
0111 1 100 6 
0111 1 100 8 
0111 1 100 12 
0111 1 100 16 
0111 1 100 32 
0111 1 100 64 
0111 1 100 86 
0111 1 100 100 
0111 1 120 6 
0111 1 120 8 
0111 1 120 12 
0111 1 120 16 
0111 1 120 32 
0111 1 120 64 
0111 1 120 86 
0111 1 120 100 
0111 1 120 120 
0111 2 6 6 
0111 2 8 6 
0111 2 8 8 
0111 2 12 6 
0111 2 12 8 
0111 2 12 12 
0111 2 16 6 
0111 2 16 8 
0111 2 16 12 
0111 2 16 16 
0111 2 32 6 
0111 2 32 8 
0111 2 32 12 
0111 2 32 16 
0111 2 32 32 
0111 2 64 6 
0111 2 64 8 
0111 2 64 12 
0111 2 64 16 
0111 2 64 32 
0111 2 64 64 
0111 2 86 6 
0111 2 86 8 
0111 2 86 12 
0111 2 86 16 
0111 2 86 32 
0111 2 86 64 
0111 2 86 86 
0111 2 100 6 
0111 2 100 8 
0111 2 100 12 
0111 2 100 16 
0111 2 100 32 
0111 2 100 64 
0111 2 100 86 
0111 2 100 100 
0111 2 120 6 
0111 2 120 8 
0111 2 120 12 
0111 2 120 16 
0111 2 120 32 
0111 2 120 64 
0111 2 120 86 
0111 2 120 100 
0111 2 120 120 
1011 1 6 6 
1011 1 8 6 
1011 1 8 8 
1011 1 12 6 
1011 1 12 8 
1011 1 12 12 
1011 1 16 6 
1011 1 16 8 
1011 1 16 12 
1011 1 16 16 
1011 1 32 6 
1011 1 32 8 
1011 1 32 12 
1011 1 32 16 
1011 1 32 32 
1011 1 64 6 
1011 1 64 8 
1011 1 64 12 
1011 1 64 16 
1011 1 64 32 
1011 1 64 64 
1011 1 86 6 
1011 1 86 8 
1011 1 86 12 
1011 1 86 16 
1011 1 86 32 
1011 1 86 64 
1011 1 86 86 
1011 1 100 6 
1011 1 100 8 
1011 1 100 12 
1011 1 100 16 
1011 1 100 32 
1011 1 100 64 
1011 1 100 86 
1011 1 100 100 
1011 1 120 6 
1011 1 120 8 
1011 1 120 12 
1011 1 120 16 
1011 1 120 32 
1011 1 120 64 
1011 1 120 86 
1011 1 120 100 
1011 1 120 120 
1011 2 6 6 
1011 2 8 6 
1011 2 8 8 
1011 2 12 6 
1011 2 12 8 
1011 2 12 12 
1011 2 16 6 
1011 2 16 8 
1011 2 16 12 
1011 2 16 16 
1011 2 32 6 
1011 2 32 8 
1011 2 32 12 
1011 2 32 16 
1011 2 32 32 
1011 2 64 6 
1011 2 64 8 
1011 2 64 12 
1011 2 64 16 
1011 2 64 32 
1011 2 64 64 
1011 2 86 6 
1011 2 86 8 
1011 2 86 12 
1011 2 86 16 
1011 2 86 32 
1011 2 86 64 
1011 2 86 86 
1011 2 100 6 
1011 2 100 8 
1011 2 100 12 
1011 2 100 16 
1011 2 100 32 
1011 2 100 64 
1011 2 100 86 
1011 2 100 100 
1011 2 120 6 
1011 2 120 8 
1011 2 120 12 
1011 2 120 16 
1011 2 120 32 
1011 2 120 64 
1011 2 120 86 
1011 2 120 100 
1011 2 120 120 
1111 1 6 6 
1111 1 8 6 
1111 1 8 8 
1111 1 12 6 
1111 1 12 8 
1111 1 12 12 
1111 1 16 6 
1111 1 16 8 
1111 1 16 12 
1111 1 16 16 
1111 1 32 6 
1111 1 32 8 
1111 1 32 12 
1111 1 32 16 
1111 1 32 32 
1111 1 64 6 
1111 1 64 8 
1111 1 64 12 
1111 1 64 16 
1111 1 64 32 
1111 1 64 64 
1111 1 86 6 
1111 1 86 8 
1111 1 86 12 
1111 1 86 16 
1111 1 86 32 
1111 1 86 64 
1111 1 86 86 
1111 1 100 6 
1111 1 100 8 
1111 1 100 12 
1111 1 100 16 
1111 1 100 32 
1111 1 100 64 
1111 1 100 86 
1111 1 100 100 
1111 1 120 6 
1111 1 120 8 
1111 1 120 12 
1111 1 120 16 
1111 1 120 32 
1111 1 120 64 
1111 1 120 86 
1111 1 120 100 
1111 1 120 120 
1111 2 6 6 
1111 2 8 6 
1111 2 8 8 
1111 2 12 6 
1111 2 12 8 
1111 2 12 12 
1111 2 16 6 
1111 2 16 8 
1111 2 16 12 
1111 2 16 16 
1111 2 32 6 
1111 2 32 8 
1111 2 32 12 
1111 2 32 16 
1111 2 32 32 
1111 2 64 6 
1111 2 64 8 
1111 2 64 12 
1111 2 64 16 
1111 2 64 32 
1111 2 64 64 
1111 2 86 6 
1111 2 86 8 
1111 2 86 12 
1111 2 86 16 
1111 2 86 32 
1111 2 86 64 
1111 2 86 86 
1111 2 100 6 
1111 2 100 8 
1111 2 100 12 
1111 2 100 16 
1111 2 100 32 
1111 2 100 64 
1111 2 100 86 
1111 2 100 100 
1111 2 120 6 
1111 2 120 8 
1111 2 120 12 
1111 2 120 16 
1111 2 120 32 
1111 2 120 64 
1111 2 120 86 
1111 2 120 100 
1111 2 120 120 
